0.0413280580054819 0.99999644449281 1.64591498e-07
0.0419041471678972 0.99999634259939 1.73237069e-07
0.0424882698067709 0.99999623967778 1.8233338e-07
0.043080532210228 0.99999613398222 1.91902828e-07
0.0436810529219503 0.99999602521802 2.0196974e-07
0.0442899415033203 0.99999591343658 2.12559627e-07
0.0449073199430117 0.99999579856922 2.23699431e-07
0.0455333038176263 0.99999568054454 2.35416152e-07
0.0461680128095327 0.99999555928343 2.47738768e-07
0.0468115724860394 0.99999543470631 2.60697846e-07
0.0474640987195016 0.99999530672994 2.74327931e-07
0.0481257207138676 0.99999517526339 2.88660743e-07
0.0487965682887485 0.99999504021935 3.03732264e-07
0.0494767673420273 0.99999490150913 3.195793e-07
0.0501664469419945 0.9999947590436 3.36239481e-07
0.0508657401666998 0.99999461275229 3.5375524e-07
0.0515747794856618 0.99999446254333 3.72168103e-07
0.05229370544968 0.99999430830712 3.91522946e-07
0.0530226498863374 0.99999414996 4.11867376e-07
0.0537617569833021 0.99999398740101 4.33249824e-07
0.0545111704193978 0.99999382053329 4.55721789e-07
0.0552710191838106 0.99999364926953 4.79338439e-07
0.0560414694277219 0.99999347351741 5.04154116e-07
0.056822657897752 0.99999329322191 5.30223588e-07
0.0576147352814078 0.99999310824978 5.57611429e-07
0.0584178564005596 0.99999291850918 5.86383294e-07
0.0592321694526541 0.99999272390733 6.16605632e-07
0.0600578322129538 0.99999252435373 6.48351659e-07
0.0608950077376722 0.99999231975835 6.81694075e-07
0.0617438454120326 0.99999211003797 7.1670388e-07
0.062604522937272 0.99999189519713 7.53460426e-07
0.0634771990536186 0.9999916750985 7.92044773e-07
0.064362036498912 0.99999144966932 8.32554178e-07
0.0652592084780831 0.99999121884412 8.75077035e-07
0.0661688874788138 0.99999098256467 9.19706963e-07
0.067091243355125 0.99999074078823 9.66546622e-07
0.0680264579174835 0.99999049348116 1.01569401e-06
0.0689747109542602 0.99999024074896 1.06724758e-06
0.0699361799534723 0.9999899826053 1.12133057e-06
0.0709110548341114 0.999989719 1.17805041e-06
0.0718995151835697 0.999989449997 1.23753762e-06
0.0729017541186244 0.9999891757088 1.29992418e-06
0.0739179697382758 0.9999888962802 1.36533504e-06
0.0749483486565921 0.9999886119049 1.43390128e-06
0.0759930825958302 0.9999883230303 1.50576795e-06
0.07705238698167 0.9999880304285 1.58105388e-06
0.0781264561728825 0.9999877343871 1.65993981e-06
0.0792154878246954 0.9999874358018 1.74259492e-06
0.0803197121596545 0.9999871359032 1.82917256e-06
0.0814393298654237 0.9999868365758 1.91983827e-06
0.0825745469627765 0.9999865408154 2.01477314e-06
0.0837255904915693 0.9999862535205 2.11415386e-06
0.0848926785550005 0.9999859959025 2.21812297e-06
0.086076041268225 0.9999862123359 2.32722232e-06
0.0872758968410461 0.9999855165115 2.1286653e-06
0.0884924696264951 0.9999851248058 2.23948064e-06
0.0897260100852297 0.9999855316601 2.35606217e-06
0.0909767366243906 0.999984552971 1.77798802e-06
0.0922449059944414 0.9999838836575 1.87194019e-06
0.0935307506141529 0.999983369642 1.97084046e-06
0.0948345209709368 0.9999828897398 2.0749892e-06
0.0961564616625466 0.9999824301576 2.18462287e-06
0.0974968322859319 0.9999819901223 2.30005003e-06
0.0988558822931182 0.9999815760475 2.42158762e-06
0.100233879000122 0.9999812050373 2.54955216e-06
0.101631086321077 0.9999809209094 2.68429517e-06
0.103047769717593 0.9999808874818 2.82612041e-06
0.104484202060952 0.999982070769 1.19275307e-06
0.105940653300334 0.9999795145741 1.25335453e-06
0.107417403466361 0.9999785602758 1.31709339e-06
0.108914747413046 0.9999777336943 1.38415396e-06
0.110432962896939 0.9999769421902 1.4547054e-06
0.111972333817727 0.9999761603885 1.52892721e-06
0.113533170342411 0.99997537731 1.6070004e-06
0.115115765046485 0.9999745879886 1.68915096e-06
0.116720416113869 0.9999737857706 1.77557763e-06
0.118347428717609 0.9999729683641 1.86649299e-06
0.119997129380273 0.9999721339136 1.96214182e-06
0.121669821816762 0.9999712808676 2.06276309e-06
0.123365827191204 0.9999704078655 2.1686044e-06
0.125085488188401 0.9999695136976 2.27996406e-06
0.126829121707037 0.9999685979456 2.39715382e-06
0.128597039535432 0.9999676589505 2.52041991e-06
0.130389613593769 0.9999666956246 2.65008657e-06
0.132207174777546 0.9999657070985 2.78646075e-06
0.134050076268537 0.9999646924953 2.92987102e-06
0.13591865243081 0.9999636508983 3.08068752e-06
0.137813291117847 0.999962581358 3.23929657e-06
0.139734331811587 0.999961483325 3.40608403e-06
0.141682153414078 0.9999603557626 3.58154625e-06
0.14365713048437 0.9999591976775 3.76610456e-06
0.145659631816852 0.9999580081894 3.96022233e-06
0.147690035600193 0.9999567864215 4.16436887e-06
0.149748766059955 0.9999555314644 4.37901645e-06
0.151836171648788 0.9999542424011 4.60465753e-06
0.153952690765486 0.9999529183478 4.84185102e-06
0.156098701243232 0.9999515585732 5.09120491e-06
0.158274648145785 0.9999501617713 5.35337404e-06
0.160480911377279 0.9999487270034 5.62901778e-06
0.162717920171179 0.9999472534291 5.91882872e-06
0.164986116239067 0.9999457400882 6.22345487e-06
0.16728594470367 0.9999441858781 6.54349424e-06
0.169617818589281 0.9999425896203 6.87977217e-06
0.171982195443537 0.9999409508855 7.23327912e-06
0.174379534869439 0.999939268444 7.60486455e-06
0.176810285743369 0.9999375410989 7.99521149e-06
0.179274934054059 0.9999357677953 8.40526263e-06
0.181773916414246 0.9999339474671 8.83600478e-06
0.184307745480621 0.9999320790012 9.2884984e-06
0.18687691097422 0.9999301614444 9.76390402e-06
0.189481860188298 0.9999281942219 1.02630947e-05
0.192123135733027 0.9999261762277 1.07874039e-05
0.194801240778723 0.9999241062906 1.13378983e-05
0.197516646347313 0.9999219823658 1.19159604e-05
0.200269928166249 0.9999198032529 1.25245906e-05
0.203061601431659 0.999917574125 1.31666584e-05
0.205892162129994 0.9999153032913 1.3836674e-05
0.208762185694761 0.9999129511853 1.44794676e-05
0.211672213822848 0.9999105679162 1.52547082e-05
0.214622803761045 0.9999081276401 1.59986685e-05
0.217614527943981 0.9999056003508 1.67736725e-05
0.220647975815309 0.9999029958053 1.76009289e-05
0.223723676324045 0.9999003308039 1.84744094e-05
0.226842250039891 0.999897599489 1.93965661e-05
0.230004318454769 0.99989478026 2.03656655e-05
0.233210456638751 0.999892039574 2.14585252e-05
0.236461298553301 0.999889178347 2.23736897e-05
0.239757430781243 0.999886172474 2.34215622e-05
0.243099498429856 0.99988309617 2.45648134e-05
0.246488191826162 0.999879961993 2.5723155e-05
0.249924101882353 0.999876714108 2.69292977e-05
0.253407906477949 0.999873383102 2.82368637e-05
0.256940279622049 0.999869986976 2.9598139e-05
0.260521888360166 0.999866510901 3.10472351e-05
0.264153417444748 0.999862966739 3.25731889e-05
0.267835599495447 0.999859356554 3.41770647e-05
0.271569075238446 0.999855676302 3.58553734e-05
0.275354588701123 0.999851926754 3.76098833e-05
0.279192875100383 0.999848119944 3.94581184e-05
0.283084693512688 0.999844220743 4.13362613e-05
0.287030728377066 0.999840345408 4.33770292e-05
0.291031777547068 0.999836157396 4.5243145e-05
0.295088599374786 0.999831805559 4.75209708e-05
0.299201971768342 0.999827528663 5.00457463e-05
0.303372694236391 0.999823359205 5.24910574e-05
0.307601535200722 0.999819058023 5.50962977e-05
0.311889359368825 0.99981472113 5.77637365e-05
0.316236902779139 0.99981030605 6.05629721e-05
0.320645076945915 0.999805848725 6.35092438e-05
0.325114702695491 0.999801381404 6.65971093e-05
0.329646620499676 0.999796886113 6.97747091e-05
0.33424171609231 0.999792334595 7.30517495e-05
0.338900858564415 0.999787723122 7.65144359e-05
0.343624961891223 0.999783082283 8.01675487e-05
0.348414922031045 0.99977838104 8.40877983e-05
0.353271632600848 0.999774591473 8.84907204e-05
0.358196013886013 0.999771103423 9.19403246e-05
0.363189089440384 0.999766772962 9.49850146e-05
0.368251754916517 0.999761628336 9.85808074e-05
0.373384958897153 0.999756676523 0.000103038183
0.378589756330411 0.999752379197 0.000107656
0.383867124426696 0.999748931528 0.000112598871
0.389218005445251 0.999745551933 0.000115431911
0.394643487158031 0.99974055888 0.000117789423
0.400144599706064 0.999734650453 0.000121834579
0.405722397924047 0.999729002186 0.000127259569
0.411377971025605 0.999724151887 0.000132811518
0.417112337295826 0.999719610234 0.000138730917
0.422926680007065 0.99971580485 0.000145106285
0.428822039702063 0.999713069818 0.000150997337
0.434799559684089 0.999710594915 0.000156758688
0.440860450239891 0.999710378295 0.000162986296
0.447005808755189 0.999712229415 0.000166646147
0.453236838025516 0.999711826269 0.000164850047
0.459554692349134 0.99970377094 0.00016041621
0.465960645066881 0.999693673803 0.000166974642
0.472455874589993 0.999688922049 0.000171155654
0.479041640681302 0.999683563714 0.000177570822
0.485719234861485 0.999680085108 0.000184955046
0.492489941209743 0.999678704451 0.000192112595
0.499354936062521 0.999678819062 0.000198571273
0.506315671463025 0.999680261797 0.000204800686
0.513373442487843 0.999684046372 0.000211770879
0.520529632511722 0.999697011925 0.000215160588
0.527785505357878 0.999717688275 0.0002117923
0.535142515910261 0.999725738686 0.000180490621
0.542602111870001 0.99972321128 0.000162094628
0.550165666010385 0.999715346581 0.000132101253
0.557834711055476 0.999695671722 8.77657294e-05
0.565610634652674 0.99964487995 7.66349185e-05
0.573494926069303 0.999614458444 8.07193428e-05
0.581489117312854 0.999588919512 8.4838568e-05
0.589594788999312 0.999565671518 8.91867312e-05
0.597813424138751 0.999543831596 9.37005825e-05
0.606146622176548 0.999522855855 9.83261634e-05
0.614595945278345 0.999502345396 0.000103007813
0.623163082061441 0.999481941399 0.000107714601
0.631849701469534 0.999461288913 0.000112786089
0.640657307227355 0.999440875603 0.000118640208
0.649587731923666 0.99942092906 0.000124406724
0.65864261784905 0.99940070638 0.00012975678
0.667823774286871 0.999379700515 0.000135309107
0.677132894889612 0.999358129571 0.000141600889
0.686571708527452 0.999336606066 0.000148304898
0.696142188453975 0.999314775574 0.000154182751
0.705845976745571 0.999291479238 0.000160838827
0.715685109607608 0.999268013053 0.000168592887
0.725661378324579 0.999244213337 0.00017641345
0.735776726445661 0.999219667749 0.000184760502
0.746033043752183 0.99919455935 0.000194046908
0.756432325445287 0.999169408693 0.000203938136
0.766976579129835 0.999144093134 0.000213524661
0.777667861463093 0.999117777392 0.000223469149
0.788508045304823 0.999090192898 0.000233984785
0.799499485646739 0.9990618109 0.000246109441
0.810644056404479 0.999033548927 0.000259600638
0.821943975668577 0.99900591292 0.000274052145
0.833401414774342 0.99897877546 0.00028841052
0.845018665399486 0.99895138433 0.000300961867
0.856797678467891 0.99892208911 0.000314022414
0.868741003443301 0.99889133696 0.00032777508
0.88085077499242 0.9988596586 0.0003429465
0.893129329946683 0.9988275721 0.000359056547
0.905579067051564 0.99879505264 0.000375923526
0.918202376148484 0.99876199372 0.000393583468
0.931001624932542 0.99872852711 0.000412043621
0.943979266111505 0.99869472894 0.000431171968
0.957137896705961 0.99866024207 0.000449930201
0.970479908842163 0.99862446846 0.00046948815
0.984007869129702 0.99858754803 0.000489894184
0.997724306387009 0.99854937883 0.000511187536
1.01163202312846 0.99850987678 0.000533909013
1.02573361172203 0.99846932304 0.000558692031
1.04003183708315 0.99842863751 0.000584987341
1.05452931540707 0.99838765874 0.000612521952
1.06922895774465 0.99834618822 0.000641352788
1.08413344767386 0.99830423493 0.000671535032
1.09924562191137 0.99826183694 0.000703129277
1.11456853742312 0.99821905594 0.000736206537
1.13010496121063 0.99817598553 0.000770840212
1.14585811686693 0.99813276099 0.000807101431
1.16183069905561 0.99808972841 0.000845069881
1.17802596669729 0.99804755382 0.000884819427
1.19444702482165 0.99800696177 0.000924860942
1.21109684265886 0.99796636146 0.000963781495
1.22797899468354 0.99792422517 0.00100267911
1.24509633035719 0.99788032821 0.00104314892
1.26245223847614 0.99783588829 0.00108524761
1.28005020154264 0.99779140693 0.0011290462
1.29789340347895 0.99774716073 0.00117377366
1.31598536016605 0.9977022144 0.00121885841
1.33432943101611 0.99765639799 0.00126532966
1.35292924715905 0.99761000625 0.00131357287
1.37178836567928 0.99756346666 0.00136365532
1.39091034967001 0.99751742394 0.00141564745
1.4102989594347 0.99747335771 0.00146955124
1.42995776609703 0.99743019813 0.00151898235
1.44989053925145 0.99738322129 0.00156985514
1.47010125993941 0.99733481137 0.0016223914
1.49059370740232 0.99728558585 0.00167668692
1.51137165408177 0.99723575381 0.00173280074
1.53243942412634 0.99718579487 0.00179079419
1.55380078621963 0.99713649764 0.00185049267
1.5754599560841 0.99708712497 0.00190818275
1.59742091044951 0.99703487637 0.00196765829
1.61968810618593 0.99698138493 0.00202898821
1.64226575561454 0.99692691513 0.00209222827
1.66515804579398 0.9968715366 0.00215743878
1.68836941901717 0.99681528588 0.00222469121
1.71190444049385 0.99675817136 0.00229414785
1.7357675270492 0.99670051411 0.0023665342
1.75996321139955 0.9966431018 0.00244120671
1.78449599875226 0.9965857598 0.00251823245
1.80937098797464 0.9965287142 0.00259769592
1.83459247819205 0.99647229747 0.00267966324
1.86016585630166 0.99641772872 0.00276421523
1.88609550028723 0.99636684172 0.00285047665
1.91238658229495 0.99631963973 0.00293372548
1.93904425274163 0.99626770406 0.00301159685
1.96607344188164 0.99621236278 0.00309144845
1.99347960016295 0.99615484267 0.00317341788
2.02126734567244 0.99609575234 0.00325756101
2.0494430315554 0.99603539193 0.00334393699
2.07801094419357 0.99597397028 0.00343260146
2.10697736629784 0.99591168063 0.00352361961
2.13634747614041 0.99584872089 0.00361704151
2.16612703341587 0.99578556232 0.00371294934
2.19632173314024 0.99572237069 0.00380999455
2.22693719642663 0.99565807823 0.00390874268
2.25797968916427 0.99559247494 0.00400983728
2.2894543972294 0.99552606372 0.00411354611
2.32136818957405 0.99545904296 0.0042199404
2.3537268282273 0.99539159471 0.00432908861
2.38653650321121 0.99532401795 0.00444104755
2.41980357645163 0.99525669822 0.00455556717
2.4535343024529 0.99518930772 0.00467211008
2.48773539923285 0.99512148369 0.00479107723
2.52241288042572 0.99505325314 0.00491306465
2.55757415222465 0.99498512456 0.00503815711
2.59322526046427 0.99491738807 0.00516645284
2.6293733738063 0.99485049816 0.00529799471
2.66602537430918 0.99478495028 0.00543288933
2.70318834323667 0.99472178984 0.00557122659
2.74086919401104 0.99466226436 0.00571049517
2.77907559366255 0.99460482551 0.00584861869
2.81781448082235 0.99454582063 0.0059862379
2.8570931768897 0.9944852083 0.0061271172
2.89691939457351 0.99442523532 0.00627130037
2.93730109805002 0.9943667734 0.00641887123
2.97824541303943 0.99431071943 0.00656992523
3.01976072735803 0.99426028179 0.00672452012
3.06185434733971 0.99421789683 0.0068792766
3.10453490710312 0.99418118177 0.00702761998
3.14781061038267 0.99414036982 0.00716403546
3.19168940436677 0.99409251474 0.00730309589
3.23617967919259 0.99404272856 0.00744484412
3.2812900733962 0.99399258755 0.00758933509
3.32702947446771 0.99394315248 0.00773663446
3.37340649454099 0.99389556749 0.00788680371
3.4204299789537 0.99385188194 0.00803989172
3.46810900355674 0.9938156479 0.00819594227
3.51645264056287 0.99379153783 0.00835503452
3.56547017559743 0.99377336679 0.00847493205
3.61517056148789 0.99373967759 0.00859331153
3.66556426046506 0.99369692849 0.0087131029
3.71666007629843 0.9936493542 0.00883454084
3.76846877821288 0.9935986842 0.00895768218
3.82099896046337 0.99354622327 0.00908256043
3.87426160091524 0.99349306477 0.00920916535
3.92826692667926 0.99344366975 0.00933752954
3.98302463983367 0.99339996651 0.00946265459
4.03854553362575 0.99335404718 0.00957387686
4.09484069723231 0.99330078345 0.00967924669
4.15192072774926 0.99324030895 0.00978577975
4.20979650852632 0.99317621253 0.00989349373
4.26847878880938 0.99311014684 0.0100023467
4.32797861217373 0.99304374726 0.0101124672
4.38830872104528 0.99297944317 0.0102237668
4.44947943122649 0.99292809423 0.0103362892
4.51150270697553 0.99289414845 0.0104314806
4.57439043874825 0.99285743712 0.0104972851
4.63815529265311 0.99279568298 0.0105401669
4.70280828067233 0.99271604745 0.0105832173
4.7683633229821 0.9926258456 0.0106264735
4.83483147655717 0.99253065092 0.0106698908
4.90222636968284 0.99243975617 0.0107102022
4.9705605049694 0.99234506954 0.0107238842
5.0398476913507 0.99223264446 0.0107208434
5.11010029878814 0.99209798034 0.0107178437
5.18133257589313 0.99195269961 0.0107149016
5.25355753335021 0.99180584401 0.0107118189
5.32678893437329 0.99166291859 0.010690975
5.40104154326273 0.9914954789 0.0106377676
5.47632920735332 0.99130111746 0.0105774095
5.55266648529824 0.99108562153 0.0105174528
5.63006759707611 0.99085627776 0.0104578603
5.70854755604005 0.99062163569 0.010398523
5.78812176832252 0.99039834272 0.0103378296
5.86880486271625 0.99016570672 0.0101730516
5.9506127481336 0.9898557691 0.0100058243
6.03356132947314 0.9895008849 0.00984063093
6.11766562778261 0.9891142771 0.00967819896
6.20294288204113 0.988699873 0.00951008126
6.28940856091208 0.9882521415 0.00933009479
6.37707941915919 0.9877550518 0.00914862845
6.46597220297684 0.9872165928 0.00897083525
6.55610475864921 0.9866394447 0.00879628025
6.64749269709349 0.9860237092 0.00862525497
6.74015585541704 0.9853680069 0.00845856033
6.83410971548522 0.984671819 0.0082968967
6.9293735307297 0.9839342497 0.00813987758
7.02596470728886 0.9831523132 0.00798582938
7.12390312456463 0.9823192898 0.00783454068
7.2232065716906 0.9814040195 0.00768630067
7.32389412736795 0.9803989418 0.00761136273
7.42598528880552 0.9793940969 0.00758942543
7.52949939810073 0.9783904608 0.00758729735
7.63445652102565 0.9773542602 0.0075852205
7.74087640024 0.9762668386 0.00758306822
7.84878010803855 0.975109024 0.00758087402
7.95818866385491 0.9738798235 0.00770644797
8.06912130075402 0.972667722 0.00785387587
8.18160084024663 0.9714387543 0.00800790731
8.29564678629176 0.9701738395 0.00816496089
8.41128422066799 0.9688512664 0.00832511578
8.52853206398662 0.9674438275 0.00850432552
8.64741583295477 0.9659360796 0.00875683315
8.76795558934069 0.9644510187 0.00910463184
8.89017651622874 0.9629450887 0.00946628023
9.01410063536861 0.9613902457 0.00984230079
9.13975270191148 0.9597574249 0.0102332551
9.2671559122789 0.958015874 0.0107169459
9.39633433656786 0.9562060013 0.0113645354
9.52731468465491 0.9544804692 0.012118144
9.66012008311629 0.9528189003 0.0129218185
9.79477670415187 0.9512149356 0.0136539815
9.93131121606374 0.9495173581 0.014377404
10.0697476890781 0.9477474578 0.0151265869
10.2101149084074 0.945920907 0.0159148294
10.3524388757739 0.9440371729 0.0167441145
10.4967456364674 0.9420905747 0.0176186245
10.6430651683338 0.9400696456 0.0185527559
10.7914238120031 0.9380013086 0.019572312
10.9418502536446 0.9358843863 0.0206491388
11.0943730329138 0.9337080196 0.0217852443
11.2490227095997 0.9314475507 0.02298389
11.4058285250719 0.9290730059 0.0242731795
11.5648189041281 0.9265904427 0.0257173777
11.7260269412188 0.9241122976 0.0274013989
11.8894812043573 0.9216787517 0.0291960426
12.055213458242 0.9192723259 0.0311077721
12.2232570221284 0.9169113114 0.0331056342
12.3936428343059 0.9145317599 0.035136953
12.5664026728658 0.9120845497 0.0372235849
12.7415718522718 0.9095465615 0.0394341275
12.9191830121135 0.9068804532 0.0417903028
13.0992695339016 0.9040184319 0.0445114784
13.2818657716079 0.9014454484 0.047691185
13.4670081063625 0.899165876 0.0511210896
13.65473184066 0.897126988 0.0545728505
13.8450708741616 0.895269945 0.0580916107
14.038063557847 0.893648267 0.0618373714
14.2337457640212 0.892475225 0.0657591522
14.4321568520205 0.891914539 0.0693679675
14.6333335306331 0.892332353 0.0730995387
14.8373147774075 0.892412581 0.0733647645
15.044137967299 0.890169464 0.0741740763
15.2538456622539 0.887087546 0.0764887333
15.4664760694495 0.884692796 0.0795816332
15.6820712544624 0.882582538 0.082799837
15.9006700337001 0.880701482 0.0861474872
16.122316840685 0.8792312 0.0891030878
16.347052710907 0.877360396 0.0918687209
16.5749214380274 0.875184 0.0946622938
16.80596631236 0.87271437 0.097686246
17.040233753524 0.870095372 0.101002328
17.2777642283333 0.867492408 0.104534507
17.5186084650641 0.864731953 0.108203813
17.7628074896383 0.861486256 0.112309888
18.0104109636871 0.858525559 0.117532335
18.2614661893053 0.856082663 0.123131841
18.5160217826944 0.854134634 0.128998265
18.7741256058193 0.852727011 0.135144353
19.0358246494997 0.851950228 0.141411006
19.3011761201045 0.851815224 0.147411659
19.5702230636449 0.852422714 0.153586403
19.8430223294525 0.854743496 0.158437297
20.1196216892089 0.856048226 0.162018299
20.4000788603025 0.856650367 0.165284008
20.6844444419679 0.857079744 0.168615609
20.9727755323748 0.857712194 0.171703473
21.2651228464426 0.858518943 0.17399767
21.5615480651281 0.858217403 0.175766498
21.8621049478561 0.857209906 0.177553311
22.1668499544554 0.855710566 0.17935802
22.4758442073936 0.853630528 0.181181431
22.7891460410358 0.850746676 0.183448583
23.1068137032266 0.847437486 0.186414301
23.4289103250595 0.844427958 0.189893827
23.7554977203647 0.841377631 0.193437442
24.0866356416257 0.838091642 0.197048634
24.4223910861472 0.83420144 0.200726718
24.7628255618595 0.829223901 0.205356091
25.1080060105859 0.824505329 0.2112225
25.4579975211099 0.820655495 0.21790497
25.8128688920884 0.817337826 0.224799469
26.1726868981891 0.814392447 0.231899455
26.5375180185155 0.811882868 0.239056647
26.9074369135888 0.809528396 0.246323436
27.2825119083648 0.807439551 0.253799528
27.662815160256 0.805866033 0.26150161
28.0484185729497 0.804944798 0.268816441
28.4393987051295 0.804257229 0.275341004
28.835831721515 0.802863687 0.281609029
29.2377856553782 0.801120639 0.288022012
29.6453460459405 0.799189657 0.294580132
30.0585850058183 0.797112554 0.301286638
30.4775845140943 0.794839397 0.30814749
30.9024266040316 0.792263448 0.31531015
31.3331893912072 0.789526209 0.322918206
31.7699562835042 0.786973119 0.330966502
32.212813074856 0.784487233 0.339214474
32.6618416572183 0.781920433 0.347669184
33.1171292871197 0.779118031 0.356333166
33.5787661032194 0.775669873 0.365784049
34.0468339451235 0.772456869 0.376463592
34.5214315227109 0.770054311 0.388121098
35.0026419775948 0.768348336 0.400140703
35.490558183828 0.767221943 0.41253081
35.9852755374968 0.766713679 0.42528668
36.4868923379779 0.766776428 0.438420385
36.9955018269439 0.767409235 0.451959014
37.5111993218031 0.768504962 0.46591419
38.0340829245061 0.769553706 0.481251299
38.5642534974771 0.772000775 0.499722779
39.1018193011329 0.781121865 0.521806717
39.6468780656499 0.80117622 0.535783827
40.1995371568149 0.81546177 0.542276204
40.7598945345334 0.829419822 0.54826504
41.3280661333333 0.846207678 0.549643338
