0.123984173636366 0.9999954274831 4.77414952e-09
0.131399914213748 0.99999486283332 6.04613515e-09
0.139259175610587 0.99999422831661 7.66696218e-09
0.147588534216243 0.99999351525048 9.73155156e-09
0.156416079611338 0.99999271388015 1.23597932e-08
0.165771622384834 0.99999181322437 1.57022075e-08
0.17568673792216 0.99999080090947 1.99531662e-08
0.18619489492512 0.9999896630507 2.53562291e-08
0.197331558151978 0.9999883839773 3.22194751e-08
0.209134336105434 0.9999869460762 4.09314929e-08
0.22164304714897 0.9999853294994 5.19843191e-08
0.234899953586759 0.9999835119052 6.60016326e-08
0.248949779301889 0.9999814681432 8.37626146e-08
0.263839913782301 0.9999791698665 1.06257289e-07
0.27962069506475 0.9999765851499 1.34739551e-07
0.2963453243006 0.9999736780101 1.70771926e-07
0.314070285574988 0.9999704079364 2.16257476e-07
0.33285544082186 0.9999667292068 2.73762026e-07
0.352764130135477 0.999962590311 3.46295735e-07
0.373863663345478 0.9999579331161 4.37739516e-07
0.396225118211814 0.9999526921529 5.52970505e-07
0.419924128508704 0.9999467935595 6.98087717e-07
0.445040580447657 0.9999401539026 8.80742618e-07
0.471659282989564 0.9999326792895 1.11057773e-06
0.499870097575831 0.9999242637205 1.39959923e-06
0.529768292772366 0.9999147876515 1.76293531e-06
0.561454721644202 0.9999041164992 2.21929167e-06
0.595036454578598 0.999892098538 2.7923611e-06
0.630626632857585 0.999878562761 3.5094522e-06
0.668345619827418 0.999863313482 4.41037719e-06
0.708320656776002 0.9998461379 5.54228154e-06
0.750686682394307 0.999826793035 6.95494646e-06
0.795586662494525 0.999804998806 8.72561759e-06
0.843172117137574 0.999780456783 1.0943495e-05
0.893603947104822 0.999752817239 1.37106435e-05
0.947052125725462 0.999721699336 1.71766442e-05
1.00369701789274 0.999686706025 2.15000182e-05
1.06373011396481 0.999647323362 2.68482072e-05
1.12735376852019 0.999603021803 3.3526474e-05
1.19478297854052 0.999553284782 4.18504242e-05
1.26624509520083 0.999497432203 5.2103187e-05
1.34198166344492 0.999434760597 6.48611021e-05
1.42224807798394 0.999364558142 8.06674434e-05
1.50731550690508 0.999286085309 0.00010023902
1.5974709084887 0.999198519043 0.000124487167
1.69301866908816 0.999101346883 0.000154575886
1.79428123891113 0.99899505766 0.000190442428
1.90160062622536 0.99887496757 0.000233080427
2.01533879065715 0.99874218693 0.000286096998
2.13588002796382 0.9985959098 0.000351171009
2.26363125357646 0.99843576853 0.000431048626
2.39902325547512 0.99826185894 0.000529095181
2.5425132492271 0.99807563715 0.000649438938
2.69458590921471 0.99787897081 0.000795022293
2.85575424087775 0.99767435994 0.000972997805
3.02656218153152 0.99747017468 0.00119082117
3.20758668251383 0.99728077184 0.00145740213
3.39943854224356 0.99713370064 0.00176729204
3.60276537118735 0.99704062077 0.00213076337
3.81825357736427 0.99707410927 0.00256899279
4.04663047557954 0.99741968722 0.00309735816
4.28866736520437 0.999201620521 0.00373439421
4.54518059265397 0.99811706843 0.00016438945
4.81703604456144 0.99681937299 0.00021170915
5.10515269945409 0.9958788841 0.000269428216
5.41050117375929 0.99499301054 0.000332038006
5.73411377445105 0.99407915259 0.000410329318
6.07708178676154 0.99310335331 0.000510269252
6.44056350171482 0.9920453364 0.000634549942
6.82578526949847 0.99089328013 0.00078127638
7.2340482666336 0.9896109598 0.000945156266
7.66673098471312 0.9881810304 0.00114341301
8.12529272775736 0.9865846736 0.00138326001
8.61128215018339 0.9848019723 0.00167342799
9.12633967970814 0.9828123525 0.00202444871
9.67220332798031 0.9805972669 0.0024369061
10.2507153789058 0.9781091027 0.00292179966
10.863829317689 0.9753190521 0.00350315101
11.5136162784281 0.9721926413 0.00420021405
12.2022668179272 0.9686909802 0.00503593031
12.9321070414312 0.9647703916 0.00603796775
13.7056018738264 0.9603837989 0.00723936269
14.5253589615003 0.9554791711 0.00867981091
15.394149356171 0.9500004612 0.0104068741
16.3149026390032 0.9438895844 0.0124775823
17.2907263141883 0.9370854795 0.0149602192
18.3249188179048 0.9295331687 0.0179369487
19.4209664707319 0.9212063774 0.0215060376
20.5825698336198 0.9122852236 0.0256320518
21.8136537815829 0.9021100327 0.0299091935
23.118369708916 0.890252449 0.0349290892
24.5011240074612 0.87671648 0.0415307023
25.9665819591362 0.861775041 0.0494874902
27.5196918242484 0.844643876 0.0590382591
29.1656974932319 0.825737625 0.0721217915
30.910150069431 0.806041464 0.0881503373
32.758946777133 0.785709485 0.106454991
34.7183223777513 0.763083771 0.127889857
36.7948899537811 0.73850444 0.154229924
38.9956588378734 0.713204741 0.186340824
41.3280661444001 0.688021898 0.225134641
