 C Density=2.2
 Energy(eV), Delta, Beta
  30.  0.311978102  0.225134641
  31.7943592  0.286795259  0.186340824
  33.6960373  0.26149556  0.154229924
  35.7114601  0.236916229  0.127889857
  37.8474312  0.214290515  0.106454991
  40.1111603  0.193958536  0.0881503373
  42.5102806  0.174262375  0.0721217915
  45.0529022  0.155356124  0.0590382591
  47.7476006  0.138224959  0.0494874902
  50.6034737  0.12328352  0.0415307023
  53.6301651  0.109747551  0.0349290892
  56.8378868  0.0978899673  0.0299091935
  60.2374725  0.0877147764  0.0256320518
  63.8403854  0.0787936226  0.0215060376
  67.6587982  0.0704668313  0.0179369487
  71.7056046  0.0629145205  0.0149602192
  75.9944458  0.0561104156  0.0124775823
  80.5398178  0.0499995388  0.0104068741
  85.3570633  0.0445208289  0.00867981091
  90.4624252  0.0396162011  0.00723936269
  95.8731613  0.0352296084  0.00603796775
  101.607513  0.0313090198  0.00503593031
  107.684845  0.0278073587  0.00420021405
  114.125687  0.0246809479  0.00350315101
  120.951752  0.0218908973  0.00292179966
  128.186096  0.0194027331  0.0024369061
  135.853149  0.0171876475  0.00202444871
  143.97879  0.0151980277  0.00167342799
  152.590439  0.0134153264  0.00138326001
  161.717163  0.0118189696  0.00114341301
  171.389786  0.0103890402  0.000945156266
  181.64093  0.00910671987  0.00078127638
  192.505203  0.0079546636  0.000634549942
  204.019302  0.00689664669  0.000510269252
  216.222076  0.00592084741  0.000410329318
  229.154739  0.00500698946  0.000332038006
  242.860901  0.0041211159  0.000269428216
  257.386902  0.00318062701  0.00021170915
  272.781677  0.00188293157  0.00016438945
  289.09726  0.000798379479  0.00373439421
  306.388733  0.00258031278  0.00309735816
  324.714417  0.00292589073  0.00256899279
  344.1362  0.00295937923  0.00213076337
  364.719635  0.00286629936  0.00176729204
  386.53421  0.00271922816  0.00145740213
  409.653564  0.00252982532  0.00119082117
  434.155701  0.00232564006  0.000972997805
  460.123383  0.00212102919  0.000795022293
  487.644257  0.00192436285  0.000649438938
  516.811157  0.00173814106  0.000529095181
  547.722595  0.00156423147  0.000431048626
  580.482971  0.0014040902  0.000351171009
  615.202759  0.00125781307  0.000286096998
  651.999146  0.00112503243  0.000233080427
  690.99646  0.00100494234  0.000190442428
  732.326233  0.000898653117  0.000154575886
  776.128052  0.000801480957  0.000124487167
  822.549744  0.000713914691  0.00010023902
  871.748047  0.000635441858  8.06674434E-05
  923.888916  0.000565239403  6.48611021E-05
  979.148499  0.000502567797  5.2103187E-05
  1037.71313  0.000446715218  4.18504242E-05
  1099.78076  0.000396978197  3.3526474E-05
  1165.56067  0.000352676638  2.68482072E-05
  1235.27515  0.000313293975  2.15000182E-05
  1309.15918  0.000278300664  1.71766442E-05
  1387.46252  0.000247182761  1.37106435E-05
  1470.44946  0.000219543217  1.0943495E-05
  1558.39966  0.000195001194  8.72561759E-06
  1651.61047  0.000173206965  6.95494646E-06
  1750.39648  0.0001538621  5.54228154E-06
  1855.09106  0.000136686518  4.41037719E-06
  1966.04761  0.000121437239  3.5094522E-06
  2083.64038  0.000107901462  2.7923611E-06
  2208.26709  9.58835008E-05  2.21929167E-06
  2340.34766  8.52123485E-05  1.76293531E-06
  2480.32837  7.57362795E-05  1.39959923E-06
  2628.6814  6.73207105E-05  1.11057773E-06
  2785.90771  5.98460974E-05  8.80742618E-07
  2952.53809  5.32064405E-05  6.98087717E-07
  3129.13525  4.73078471E-05  5.52970505E-07
  3316.29443  4.20668839E-05  4.37739516E-07
  3514.64868  3.7409689E-05  3.46295735E-07
  3724.86621  3.32707932E-05  2.73762026E-07
  3947.65771  2.95920636E-05  2.16257476E-07
  4183.77441  2.63219899E-05  1.70771926E-07
  4434.01367  2.34148501E-05  1.34739551E-07
  4699.2207  2.08301335E-05  1.06257289E-07
  4980.28955  1.85318568E-05  8.37626146E-08
  5278.17041  1.64880948E-05  6.60016326E-08
  5593.86816  1.46705006E-05  5.19843191E-08
  5928.44775  1.30539238E-05  4.09314929E-08
  6283.03955  1.16160227E-05  3.22194751E-08
  6658.83984  1.03369493E-05  2.53562291E-08
  7057.11768  9.19909053E-06  1.99531662E-08
  7479.21729  8.18677563E-06  1.57022075E-08
  7926.56348  7.28611985E-06  1.23597932E-08
  8400.66602  6.48474952E-06  9.73155156E-09
  8903.12598  5.77168339E-06  7.66696218E-09
  9435.6377  5.13716668E-06  6.04613515E-09
  10000.002  4.5725169E-06  4.77414952E-09
