0.123984173636366 0.9999860693633 9.71754389e-07
0.131399914213748 0.9999843974492 1.206055e-06
0.139259175610587 0.9999825447485 1.49483947e-06
0.147588534216243 0.9999805011339 1.84995122e-06
0.156416079611338 0.9999782622945 2.28554768e-06
0.165771622384834 0.9999758384984 2.81860457e-06
0.17568673792216 0.9999732659471 3.46890693e-06
0.18619489492512 0.9999706630861 4.25961844e-06
0.197331558151978 0.999968489301 5.21731135e-06
0.209134336105434 0.9999678213171 7.76383331e-07
0.22164304714897 0.9999604449658 9.61247792e-07
0.234899953586759 0.9999544808161 1.19121307e-06
0.248949779301889 0.9999481661871 1.47738251e-06
0.263839913782301 0.9999412235848 1.83365296e-06
0.27962069506475 0.9999334928652 2.27704209e-06
0.2963453243006 0.9999248415479 2.82910082e-06
0.314070285574988 0.9999151330849 3.51633662e-06
0.33285544082186 0.9999042225754 4.37175822e-06
0.352764130135477 0.999891951054 5.43645638e-06
0.373863663345478 0.999878141651 6.76120362e-06
0.396225118211814 0.999862597833 8.4087178e-06
0.419924128508704 0.999845101032 1.04567407e-05
0.445040580447657 0.999825406485 1.30017561e-05
0.471659282989564 0.999803243874 1.61619082e-05
0.499870097575831 0.999778313024 2.00832019e-05
0.529768292772366 0.999750282004 2.49451004e-05
0.561454721644202 0.999718789797 3.0967396e-05
0.595036454578598 0.999683442555 3.84196865e-05
0.630626632857585 0.99964381702 4.75877459e-05
0.668345619827418 0.999599384319 5.89304727e-05
0.708320656776002 0.999549750093 7.29628155e-05
0.750686682394307 0.999494417571 9.01012027e-05
0.795586662494525 0.999432728509 0.000111211804
0.843172117137574 0.99936452572 0.000137082665
0.893603947104822 0.999288853374 0.00016821023
0.947052125725462 0.999205077416 0.000206367782
1.00369701789274 0.999113159778 0.000253003062
1.06373011396481 0.999012513203 0.000309622934
1.12735376852019 0.99890307407 0.000378889468
1.19478297854052 0.99878563324 0.000463538861
1.26624509520083 0.99865990295 0.000568424817
1.34198166344492 0.99853463052 0.000696112402
1.42224807798394 0.9984066037 0.000854708313
1.50731550690508 0.99830939155 0.00104772823
1.5974709084887 0.99823156279 0.00125203189
1.69301866908816 0.99821351166 0.00148864568
1.79428123891113 0.99823494547 0.00165148033
1.90160062622536 0.99821539305 0.00186733541
2.01533879065715 0.99838561786 0.00226991484
2.13588002796382 0.999852778899 0.00283494266
2.26363125357646 0.99874946079 0.000388482673
2.39902325547512 0.99793841643 0.000465410325
2.5425132492271 0.99733949942 0.000553815742
2.69458590921471 0.99677370442 0.000656578981
2.85575424087775 0.99619174423 0.000776199857
3.02656218153152 0.99556509452 0.000921940082
3.20758668251383 0.99489047378 0.00110975082
3.39943854224356 0.99416034948 0.00134252571
3.60276537118735 0.993385409 0.00162431155
3.81825357736427 0.99254530994 0.00192891387
4.04663047557954 0.99161948729 0.00228655781
4.28866736520437 0.99061081931 0.00270512141
4.54518059265397 0.9895243412 0.00316867861
4.81703604456144 0.988312196 0.00369255291
5.10515269945409 0.9869797947 0.00429776357
5.41050117375929 0.9855164634 0.00499834027
5.73411377445105 0.9839382712 0.00580640417
6.07708178676154 0.9822012223 0.00666782027
6.44056350171482 0.9802365433 0.00765285036
6.82578526949847 0.9780265782 0.0088984184
7.2340482666336 0.9757498875 0.0104065426
7.66673098471312 0.9734814521 0.0119840261
8.12529272775736 0.970875483 0.0136151714
8.61128215018339 0.967963133 0.0154950935
9.12633967970814 0.9648440778 0.0176818222
9.67220332798031 0.9615860246 0.0200590473
10.2507153789058 0.9580584988 0.0226498079
10.863829317689 0.9542518221 0.0250671562
11.5136162784281 0.9494522698 0.0276308898
12.2022668179272 0.9438686073 0.0310159586
12.9321070414312 0.9374339655 0.0350885689
13.7056018738264 0.9306534752 0.0403138436
14.5253589615003 0.9233615026 0.0462675355
15.394149356171 0.9148634151 0.0532960109
16.3149026390032 0.9058825299 0.0625475943
17.2907263141883 0.896219417 0.0746903196
18.3249188179048 0.887789637 0.0908595845
19.4209664707319 0.884186529 0.1101344
20.5825698336198 0.885806017 0.131205425
21.8136537815829 0.895523995 0.14910844
23.118369708916 0.9091027677 0.15806073
24.5011240074612 0.9249385819 0.158392772
25.9665819591362 0.9402582534 0.146518871
27.5196918242484 0.9459488727 0.107109621
29.1656974932319 0.9020471573 0.0747345164
30.910150069431 0.854664743 0.0712295175
32.758946777133 0.807795167 0.0784166679
34.7183223777513 0.761143059 0.0954905376
36.7948899537811 0.716340959 0.118322097
38.9956588378734 0.67000258 0.1466102
41.3280661444001 0.622339159 0.182799742
