0.123984186001581 0.9999670925426 2.34672234e-06
0.125435985210564 0.9999662516166 2.44746434e-06
0.126904793178303 0.9999653924824 2.55056693e-06
0.128390785867493 0.9999645141652 2.65819494e-06
0.129894193928765 0.9999636176399 2.77108029e-06
0.131415215530413 0.999962702248 2.88876117e-06
0.132954024777907 0.9999617671638 3.01143427e-06
0.134510869322588 0.9999608117032 3.13931582e-06
0.136085932236734 0.9999598346258 3.27263501e-06
0.137679429390392 0.9999588335231 3.41184841e-06
0.139291612083282 0.9999578119387 3.56271403e-06
0.14092266198759 0.9999567740124 3.71627834e-06
0.142572810821791 0.9999557110314 3.87438695e-06
0.144242280032527 0.9999546260078 4.03848117e-06
0.14593129622206 0.9999535109055 4.20467177e-06
0.147640091633213 0.9999523662118 4.38276493e-06
0.149368903957774 0.9999511997376 4.57109081e-06
0.151117959328107 0.9999500091253 4.76573996e-06
0.152887470035108 0.9999487902933 4.96738585e-06
0.154677737015831 0.9999475430632 5.17756826e-06
0.156488937305388 0.9999462671076 5.39664097e-06
0.158321366128447 0.9999449617935 5.62499099e-06
0.160175238127317 0.9999436264734 5.86300484e-06
0.16205083335054 0.9999422608198 6.11108908e-06
0.163948386865511 0.9999408641524 6.36956202e-06
0.165868149520699 0.9999394352963 6.63747778e-06
0.167810399780595 0.9999379724686 6.91623654e-06
0.169775401090286 0.9999364744071 7.20724256e-06
0.171763388696718 0.9999349417703 7.51262769e-06
0.173774672398005 0.999933375344 7.83129326e-06
0.175809499538238 0.9999317736874 8.1634671e-06
0.177868171063487 0.9999301357384 8.50976085e-06
0.17995093320195 0.9999284606456 8.87073202e-06
0.182058088390018 0.9999267519015 9.24700089e-06
0.18418990728692 0.9999250075125 9.63370076e-06
0.186346693425294 0.9999232154805 1.00315965e-05
0.188528744915804 0.9999213768533 1.04515329e-05
0.190736338067053 0.9999195055934 1.08889162e-05
0.192969784448408 0.9999175801204 1.13355809e-05
0.195229373873848 0.9999156043705 1.18343178e-05
0.197515448130601 0.9999136169645 1.23425953e-05
0.199828265042668 0.9999115888786 1.28520542e-05
0.202168182124712 0.9999094724117 1.33638623e-05
0.204535469445409 0.9999072945138 1.39337826e-05
0.206930501376411 0.9999050949991 1.45546801e-05
0.209353578869085 0.99990289774 1.51790628e-05
0.21180502607753 0.9999006078215 1.57893191e-05
0.214285173887403 0.999898253627 1.64680696e-05
0.216794362551254 0.999895879278 1.71922202e-05
0.219332958246223 0.999893472486 1.79161598e-05
0.221901241655947 0.99989099861 1.86508187e-05
0.224499614763884 0.999888455088 1.94176519e-05
0.227128411138698 0.999885858735 2.02188803e-05
0.22978799270772 0.999883176875 2.10339131e-05
0.232478729610329 0.999880420604 2.19383764e-05
0.23520095825191 0.999877674505 2.28845147e-05
0.237955066288806 0.999874885121 2.38338671e-05
0.240741428667221 0.99987200147 2.4775547e-05
0.24356040550841 0.999869016421 2.58256932e-05
0.246412389298739 0.99986601714 2.69088741e-05
0.249297782209588 0.999862919823 2.80281129e-05
0.252216972020766 0.99985979643 2.92362165e-05
0.255170330327244 0.999856634226 3.04666682e-05
0.258158261175965 0.999853398331 3.1722022e-05
0.261181207224863 0.999850086489 3.30283838e-05
0.264239512360042 0.99984670608 3.43882675e-05
0.26733366637435 0.999843256344 3.58042053e-05
0.270464031082407 0.999839736833 3.72814284e-05
0.273631032594411 0.999836150921 3.88268782e-05
0.276835167395014 0.999832503105 4.04375096e-05
0.28007679428478 0.999828796164 4.21101577e-05
0.283356369752165 0.999825020466 4.3840766e-05
0.286674363189543 0.999821176621 4.5642515e-05
0.290031189858959 0.999817262375 4.75186389e-05
0.293427341259551 0.999813280767 4.94715096e-05
0.296863287767 0.999809232409 5.15048305e-05
0.300339406192513 0.999805118772 5.36216612e-05
0.303856274878753 0.999800940874 5.58253523e-05
0.307414308553581 0.999796700416 5.81198146e-05
0.311014021787262 0.999792400136 6.05087662e-05
0.31465586635516 0.999788047382 6.29956703e-05
0.318340362760721 0.999783644758 6.55738404e-05
0.322067984035975 0.999779184684 6.82406899e-05
0.325839273481132 0.999774662763 7.1014787e-05
0.32965470864896 0.999770085647 7.39016396e-05
0.333514838921217 0.999765463333 7.69055041e-05
0.337420185091211 0.999760803868 8.00309645e-05
0.341371233218319 0.999756112593 8.32735968e-05
0.345368551045338 0.999751396826 8.6644206e-05
0.34941267108315 0.999746667861 9.01512976e-05
0.353504140970602 0.999741942331 9.38002486e-05
0.357643544157967 0.999737246893 9.7597127e-05
0.361831404106399 0.99973262375 0.00010154755
0.366068280051529 0.999728155031 0.000105657797
0.370354798307434 0.999724081863 0.000109934626
0.374691520144945 0.999725020869 0.000114384384
0.379079021128078 0.999715794955 0.000114098119
0.383517858887412 0.99970899272 0.000118745804
0.388008690474455 0.999703402253 0.000123582955
0.392552133063435 0.999698208849 0.000128617336
0.397148755562677 0.999693386402 0.000133857146
0.40179920355452 0.999689138262 0.000139309661
0.406504103777016 0.999686687428 0.000144984544
0.411264134578105 0.999683978822 0.000142123361
0.416079855202402 0.999674051098 0.00014797374
0.420951969349867 0.999667291646 0.000154064459
0.425881135509462 0.999661318172 0.000160406271
0.430868059263988 0.999655816704 0.000167008868
0.435913355397814 0.999650743674 0.000173883091
0.441017725882774 0.999646145094 0.000181040567
0.446181852339364 0.999642142415 0.000188492646
0.451406430387614 0.999638978014 0.000196251509
0.456692256184909 0.999637189845 0.000204329786
0.462039937718171 0.999638650421 0.000212740139
0.467450264182459 0.999666751275 0.000221497205
0.472923875177133 0.999635991408 0.000199243819
0.478461636849588 0.999621814757 0.000207377219
0.484064220176967 0.999613524909 0.000215842898
0.489732401233784 0.999606938829 0.00022465254
0.495466970018482 0.999601574265 0.000233823652
0.501268696491136 0.999597212678 0.000243369039
0.507138360215665 0.999593880057 0.000253303268
0.513076712236637 0.999591693748 0.000263643044
0.519084674953405 0.999590859283 0.000274404883
0.525162932127734 0.999591693457 0.000285606104
0.53131239307743 0.99959467692 0.000297265156
0.537533827326292 0.999600584677 0.000309400639
0.543828137529996 0.999610792234 0.000322030945
0.55019612531886 0.999628321355 0.000335175951
0.556638737799079 0.999666500138 0.000348858448
0.563156756374527 0.999873289038 0.000245691481
0.569751110693281 0.9996883485 0.000255497551
0.576422616705576 0.999694868282 0.000265695242
0.583172310147776 0.999801139711 0.000276299979
0.590001053286103 0.999692159559 0.000102065773
0.596909659053937 0.999621982803 0.000106039384
0.603899231364305 0.999582327961 0.000110137655
0.610970704961514 0.999550695415 0.00011433597
0.618124869479262 0.999523087812 0.00011868307
0.625362915726727 0.999497847515 0.000123194826
0.632685688326549 0.999474113283 0.000127878273
0.640094154568799 0.99945137382 0.00013274001
0.647589350619515 0.999429298914 0.000137786585
0.655172419551192 0.999407663301 0.000143025114
0.662844200656343 0.999386305339 0.000148462961
0.670605797287622 0.999365105003 0.000154107998
0.678458358847622 0.999343972944 0.000159966527
0.686402864002288 0.999322838499 0.000166048369
0.694440320275023 0.999301646312 0.00017236147
0.702571953571279 0.999280376185 0.000178915216
0.710798764164721 0.999259013566 0.000185644501
0.719121939967299 0.999237443728 0.000192546679
0.727542536134323 0.999215577031 0.000199698945
0.736061785206646 0.999193423311 0.000207117162
0.744680794809495 0.999170974479 0.000214810643
0.753400704812329 0.999148211558 0.000222789677
0.762222727279629 0.999125115166 0.00023106538
0.7711480479914 0.999101670517 0.000239648725
0.780177821536509 0.99907786533 0.000248551194
0.789313412258606 0.999053686624 0.000257783802
0.798555975261653 0.999029123166 0.00026735873
0.807906750413572 0.999004165526 0.000277290004
0.817367006421533 0.99897881667 0.00028758886
0.826938048076769 0.99895311473 0.000298261293
0.836621201800547 0.99892702745 0.000309208495
0.846417625600286 0.99890046043 0.000320465217
0.856328855060509 0.99887332087 0.000332126714
0.866356102240338 0.99884568865 0.000344217144
0.876500827999423 0.99881755444 0.000356743549
0.886764307187241 0.99878891022 0.000369728543
0.897147909390898 0.99875974888 0.00038318467
0.907653208419454 0.99873006437 0.000397130527
0.918281406036311 0.99869985192 0.000411585177
0.929034134546563 0.99866910663 0.000426564657
0.939912751486091 0.99863782653 0.000442089193
0.95091870530889 0.99860600929 0.000458181079
0.962053679008305 0.99857366737 0.000474857487
0.973318935797589 0.99854083022 0.000492139719
0.98471612682692 0.99850749876 0.000510029786
0.996246663735292 0.99847372773 0.000528397562
1.00791238408171 0.99843928416 0.000547166215
1.01971458531829 0.9984041336 0.000566598144
1.03165497041032 0.99836832366 0.00058671867
1.04373530839507 0.99833186902 0.000607560622
1.05595698068942 0.9982947727 0.000629135931
1.06832181606008 0.99825703842 0.00065147999
1.08083151119546 0.99821866851 0.00067461672
1.09348751543778 0.99817966798 0.000698572199
1.10629181853163 0.99814004079 0.000723382225
1.11924608374631 0.99809979333 0.000749075669
1.13235202951154 0.99805893388 0.000775678142
1.14561139157835 0.99801747664 0.000803225499
1.15902608535546 0.99797544186 0.000831751968
1.1725976814184 0.99793284945 0.000861288223
1.18632846280882 0.99788974971 0.000891879841
1.20021978825134 0.99784622365 0.00092355645
1.21427390480644 0.9978025991 0.000956352334
1.22849267725049 0.99775844277 0.000989487511
1.24287779504433 0.99771360261 0.00102326134
1.25743128616913 0.99766794965 0.00105812412
1.27215530372891 0.99762147549 0.0010941783
1.2870517393826 0.99757433916 0.00113146089
1.30212261000196 0.99752661888 0.00117001461
1.31736989387366 0.9974784872 0.00120988092
1.33279578555305 0.99743013387 0.00125110603
1.34840236544094 0.99738145946 0.00129326887
1.36419157674842 0.99733210308 0.00133608002
1.38016567970592 0.9972818722 0.00138021552
1.39632690165136 0.99723095284 0.00142581272
1.41267723152267 0.99717946397 0.0014729125
1.42921919736318 0.99712749152 0.00152156746
1.44595479131801 0.99707514071 0.00157183374
1.4628862422806 0.99702259945 0.00162375835
1.4800161586794 0.99697027216 0.00167720229
1.49734645992564 0.9969173749 0.00173146382
1.51487975810836 0.99686397589 0.00178731268
1.5326185178744 0.99681019085 0.00184495677
1.55056479773895 0.99675616226 0.0019044634
1.5687212782244 0.99670197023 0.00196588924
1.58709048451709 0.9966482094 0.00202929555
1.60567461991192 0.99659648188 0.00209979876
1.62447644149079 0.99654544098 0.00216975389
1.64349825599761 0.99650144926 0.00223525311
1.66274295460504 0.9964544184 0.00230260752
1.68221310496971 0.99641099898 0.00237151934
1.70191118112525 0.99637357355 0.00242174184
1.72183971646596 0.99632146559 0.00247736298
1.74200188317824 0.9962487095 0.00253691245
1.76240005388628 0.9962007443 0.00259190169
1.78303693960572 0.99612408294 0.00266260351
1.80391563571595 0.99605977675 0.00273816288
1.8250386750695 0.99599457486 0.00281635928
1.84640913581477 0.9959335993 0.00289819925
1.86802983931223 0.99586855341 0.00298389234
1.88990385053331 0.99580665724 0.00306623965
1.91203377189325 0.99572938634 0.00315789157
1.9344229787314 0.99568620231 0.0032464359
1.95707439225577 0.99565302674 0.00333596743
1.97999079921543 0.99558100291 0.00342536275
2.00317582933498 0.99553546682 0.00352984457
2.02663201460129 0.99550707918 0.00360781979
2.05036315170185 0.99544230336 0.00366555899
2.07437190608257 0.99535986455 0.00375312311
2.09866203670803 0.99528813735 0.0038426891
2.12323656002005 0.99522582348 0.00394320209
2.14809898377984 0.99515243201 0.00405043829
2.17325222292616 0.99508422939 0.00415194407
2.19870017736639 0.99500156986 0.00425627688
2.22444614969574 0.99491012748 0.00441720011
2.25049351081516 0.99489825685 0.00455963379
2.27684569984586 0.99486988271 0.00465906132
2.30350675438679 0.99479311844 0.00477823149
2.33047977771532 0.9947485039 0.00496813143
2.35776900473657 0.99483804451 0.00512407254
2.38537740900026 0.99487952702 0.00515380967
2.41330912940338 0.9948345148 0.00509896968
2.44156785143696 0.99470063904 0.00515338592
2.47015778966322 0.99458855717 0.00525464816
2.49908236512725 0.99448622996 0.00536924694
2.52834567183923 0.99439528072 0.0054916204
2.55795160329228 0.99430498714 0.00563177885
2.58790413572151 0.9942297237 0.00578845432
2.61820733275405 0.99418501602 0.00593727175
2.64886554274352 0.99413688295 0.00607191026
2.67988268520201 0.99409164535 0.00618846901
2.71126295807727 0.99403463164 0.00631157635
2.74301082970066 0.99397235038 0.0064418111
2.77513052441946 0.99391403468 0.00657759886
2.80762615206006 0.99386216979 0.00671482692
2.8405021119213 0.99381260201 0.00684607215
2.8737633220165 0.99375988683 0.00697083957
2.90741400594179 0.99369721627 0.00709765777
2.94145869095443 0.99362762831 0.00722851465
2.97590178909991 0.99354921933 0.00737313228
3.01074846214255 0.99347066414 0.00753350602
3.04600314056906 0.99340377329 0.00770935928
3.08167079161932 0.99336374504 0.00789071806
3.11775555072331 0.99334592279 0.00805760454
3.15426358498986 0.99331981828 0.00820620824
3.19119853286231 0.99328321731 0.00835427083
3.22856632076008 0.99324930133 0.00850776024
3.26637126810389 0.99323028512 0.00866086874
3.30461933864119 0.99321325496 0.0087978458
3.34331505865534 0.99318144517 0.00892951526
3.38246414109912 0.99312707968 0.00906199962
3.42207131724432 0.99308504071 0.00922696292
3.46214228004228 0.99306868063 0.00938262325
3.50268255632101 0.99306159606 0.00952623133
3.54369753869644 0.99306269782 0.00964306574
3.58519303188961 0.99304040428 0.00974849798
3.62717403146952 0.99297689646 0.00983482786
3.66964661795296 0.99289270118 0.00995657686
3.71261669066111 0.99283897132 0.0101354299
3.75608994764343 0.99282675562 0.0102952057
3.80007222589907 0.99282663595 0.010409914
3.84456949845788 0.99280524859 0.0105086491
3.88958788253514 0.99277561763 0.0106374547
3.93513363568216 0.99276185082 0.0107005648
3.98121203847954 0.99270213116 0.0107724853
4.02783038439135 0.99264224153 0.0108394325
4.07499502565393 0.9925204115 0.0109215053
4.12271161798419 0.99242517538 0.0110126203
4.17098676957201 0.99229145935 0.011131702
4.219827243713 0.99218064081 0.0112962453
4.26923952626034 0.99207084253 0.0114031201
4.3192311970285 0.99202008732 0.011535381
4.36980721527241 0.99188457709 0.0116766533
4.42097596553869 0.99181572348 0.011823778
4.47274359494359 0.99169651791 0.0119445287
4.52511790994779 0.99157072883 0.0120921433
4.57810542235479 0.99144646991 0.0122728404
4.63171324170194 0.99137166701 0.0125225093
4.6859486609535 0.99138938356 0.012676755
4.74081918665615 0.99135580845 0.0127841216
4.79633188587507 0.99134595506 0.0128786918
4.85249545042098 0.991255234 0.0129625378
4.90931621998952 0.99114334676 0.0130707985
4.96680238488016 0.99107422121 0.0131528014
5.0249614104705 0.99100418668 0.0132584898
5.08380193953639 0.99096189812 0.0134411836
5.14333084947932 0.99091659579 0.0134314336
5.20355717863064 0.99083994143 0.013535385
5.26448882164544 0.99078918621 0.0135697676
5.32613388822569 0.99070608616 0.0135585936
5.38850064839965 0.99063798878 0.0135383112
5.45159792431392 0.99051372521 0.0135113923
5.51543367200944 0.99030950107 0.0134808142
5.58001750251528 0.990137632 0.0134157753
5.64535703820959 0.9898620443 0.0134196775
5.71146192350991 0.9895958714 0.0133629227
5.77834090640251 0.9893021127 0.0134304008
5.84600290140153 0.9890056541 0.0135197192
5.91445708257869 0.9887495935 0.0135982428
5.98371324893556 0.9885112392 0.013723908
6.05378008216183 0.9883257402 0.0137887606
6.12466738941025 0.9881562535 0.0138143366
6.19638477130929 0.9879550338 0.0138228815
6.26894205815798 0.9877583673 0.0137953302
6.34234825303611 0.9874764411 0.013743706
6.41661513959684 0.9871875932 0.0137150716
6.49175076846076 0.9868902387 0.0136549752
6.56776636918486 0.9866201458 0.0136195263
6.64467248436867 0.9863046408 0.0135514643
6.72247926963707 0.9859869247 0.0134073459
6.80119609668228 0.9856278086 0.0132782357
6.88083591589033 0.9852356538 0.0130828451
6.96140734429882 0.9847421013 0.0129057774
7.04292272918295 0.9842235744 0.0127403745
7.12539244221113 0.9836700615 0.012577178
7.20882810245364 0.9830774367 0.0124159409
7.293240523804 0.9824436475 0.0122567452
7.37864197342554 0.9817622323 0.012100325
7.46504241963949 0.9810239598 0.0119519131
7.55245535940676 0.9802362174 0.0118288342
7.6408912576589 0.9794025589 0.011740936
7.73036280310797 0.9785348382 0.011698042
7.82088249747155 0.9776458163 0.0116913533
7.91246215837396 0.976746263 0.011715184
8.00511318167513 0.9758704938 0.0117623061
8.09884959861232 0.9750007186 0.0118003385
8.1936842592773 0.9741199538 0.0118087595
8.28962938828846 0.9732068889 0.0117806029
8.38669751389513 0.9722247813 0.0117232446
8.48490236047629 0.971156925 0.0116575826
8.58425695324116 0.9700073376 0.0116063757
8.68477576528913 0.9687762614 0.0115886303
8.78647063706728 0.9674721882 0.0116237272
8.88935662423637 0.966119118 0.0117363837
8.9934471485964 0.9647371359 0.0119084939
9.09875705118785 0.9633472264 0.0121130943
9.20529932577215 0.9619514868 0.0123450533
9.31308949464019 0.9605273865 0.0125815356
9.42214224202002 0.9590548091 0.0128253102
9.53247180225713 0.9575092457 0.0130863609
9.64409346152683 0.9559097663 0.0133782988
9.75702205183871 0.9542560279 0.0137039525
9.87127258225944 0.9525373131 0.0140669057
9.98686160798589 0.950752072 0.0144602302
10.103803687607 0.9489004984 0.0149233565
10.2221150815358 0.9469931386 0.0154276639
10.3418122116785 0.9450138435 0.0159884244
10.4629099785102 0.9429582618 0.0165795423
10.5854271607553 0.9407830127 0.0172635857
10.7093780691353 0.9384902976 0.0180601217
10.8347800321818 0.9361482486 0.019059401
10.9616509310532 0.9338224456 0.0201720987
11.090007551916 0.9314590171 0.0213863123
11.2198672560357 0.9290838391 0.0227470342
11.351247506367 0.9265411645 0.0241713077
11.4841663874686 0.9249975756 0.0257098451
11.6186406952454 0.9221550226 0.0271989554
11.7546902166631 0.9197774082 0.0290869195
11.8923333870059 0.9175243452 0.031059688
12.031587330102 0.915396452 0.0329671465
12.1724724586274 0.913261041 0.0348368175
12.3150075843297 0.91109211 0.036730919
12.4592111594881 0.9087771699 0.0385810696
12.6051040418909 0.9061721638 0.0405016504
12.7527045487043 0.9034485295 0.0428154729
12.9020324191038 0.9007840008 0.0454318672
13.0531099107249 0.898136809 0.0482082441
13.2059567669958 0.895475432 0.0512865447
13.3605931354192 0.89307256 0.0549027026
13.5170407698826 0.891124159 0.0585535131
13.6753196345507 0.88935145 0.062070515
13.83545249196 0.887792498 0.0658139959
13.9974603112958 0.886587366 0.069606781
14.1613645109861 0.885543227 0.0728277117
14.3271882604651 0.884274803 0.0760396197
14.4949540661774 0.882970273 0.0793473274
14.6646836052441 0.881659016 0.0827467069
14.8364017863538 0.880475223 0.0862783417
15.0101300176825 0.879411638 0.0898234844
15.1858929502355 0.878439844 0.0931214392
15.363713050389 0.876952104 0.0963149294
15.5436161107162 0.875370659 0.0999384969
15.7256256724497 0.873893499 0.10436447
15.9097658001119 0.87297979 0.108986534
16.0960626186309 0.872011364 0.113492019
16.2845414237642 0.871522814 0.119477309
16.4752280319316 0.873461932 0.126728356
16.6681455347039 0.88357804 0.126474425
16.8633226108376 0.87313427 0.128153056
17.0607852193467 0.874133408 0.136842057
17.2605599050827 0.882837221 0.146325335
17.4626757522952 0.9039256424 0.130032837
17.6671549303186 0.876908876 0.127631679
17.8740296617652 0.874573007 0.135955438
18.0833272036654 0.874655396 0.140893057
18.2950774595288 0.875025041 0.143712163
18.5093048564786 0.873952955 0.145572528
18.7260426989581 0.871791482 0.147636205
18.9453143971605 0.868921936 0.150872916
19.167157038687 0.865985185 0.155201316
19.3915963933828 0.863484204 0.160668105
19.6186644963633 0.861940637 0.166901067
19.8483917575113 0.861245751 0.173374489
20.0808081497813 0.861376613 0.180087209
20.3159454807046 0.862708315 0.186632395
20.5538377080497 0.865098298 0.192922667
20.7945143815354 0.868109167 0.198446169
21.0380096705018 0.871600226 0.203145117
21.2843572514387 0.875289939 0.20676446
21.5335874283552 0.878827974 0.209909603
21.7857382468051 0.882015139 0.212626889
22.0408400767849 0.885316409 0.215310782
22.2989282736832 0.889161326 0.217731401
22.5600407017536 0.893693671 0.219908535
22.824208313188 0.898970015 0.220846817
23.0914722891992 0.9050488099 0.22036767
23.3618635188151 0.9116675705 0.21765779
23.6354217626118 0.9177416936 0.210993931
23.9121827035492 0.9203831255 0.200446531
24.1921845733665 0.9165373817 0.188259155
24.475466621466 0.9083261937 0.178165555
24.7620633924545 0.895982839 0.172942966
25.0520177288407 0.883161306 0.172194317
25.3453659657887 0.871546984 0.174869582
25.6421510888659 0.861379653 0.179615423
25.942409040505 0.852708399 0.185794502
26.2461848742706 0.84597756 0.192412794
26.5535162804369 0.840495124 0.199239001
26.8644482959587 0.83614552 0.205625236
27.1790205479612 0.832429111 0.211656243
27.497273247987 0.829125315 0.216890052
27.8192570165153 0.825625047 0.221697912
28.145007293017 0.821605593 0.226235777
28.4745770403627 0.817145094 0.230836064
28.8080033851302 0.812310249 0.235611275
29.1453314710447 0.807078853 0.240939438
29.4866131397245 0.801737875 0.246931583
29.8318879894474 0.79661271 0.253320605
30.1812074027423 0.791662067 0.260095179
30.5346186115527 0.786931485 0.267051041
30.8921639636453 0.782248005 0.274194837
31.2538986393202 0.777555093 0.281869322
31.6198702737628 0.773591608 0.289432228
31.9901276204963 0.769450456 0.296313494
32.3647202851992 0.764722869 0.30380103
32.7436961678673 0.759966433 0.311484396
33.1271104892586 0.755026057 0.319451511
33.5150132808677 0.749556839 0.32675001
33.9074628684695 0.743159741 0.33533597
34.304508279289 0.73683092 0.344646215
34.7061994084627 0.730236948 0.354534537
35.1125949268918 0.72301358 0.366487533
35.5237472822016 0.712939352 0.379123986
35.939717909958 0.70201683 0.394112587
36.3605538114293 0.690739185 0.40969345
36.7863235086309 0.679095477 0.425890386
37.2170763190065 0.66707477 0.442727804
37.6528712813339 0.657927662 0.460849822
38.0937728840445 0.662328035 0.482385635
38.5398343710496 0.667125583 0.504927874
38.9911209518933 0.672336787 0.528523803
39.4476930914064 0.67797792 0.553222179
39.9096072533522 0.684066713 0.579074502
40.3769338888492 0.691817105 0.586650491
40.8497323793951 0.700372458 0.590139985
41.3280661333333 0.709501833 0.593650162
