0.123984186001581 0.9999775271408 1.2519746e-06
0.125435985210564 0.9999769898095 1.30764965e-06
0.126904793178303 0.9999764397417 1.36575591e-06
0.128390785867493 0.9999758766717 1.42646775e-06
0.129894193928765 0.9999753002849 1.48987158e-06
0.131415215530413 0.9999747102756 1.55607734e-06
0.132954024777907 0.9999741064021 1.6251804e-06
0.134510869322588 0.9999734882622 1.69734869e-06
0.136085932236734 0.9999728555322 1.77270817e-06
0.137679429390392 0.9999722078737 1.85139936e-06
0.139291612083282 0.9999715451177 1.93356254e-06
0.14092266198759 0.9999708667983 2.0193504e-06
0.142572810821791 0.9999701725501 2.10891244e-06
0.144242280032527 0.9999694620601 2.20238667e-06
0.14593129622206 0.9999687349555 2.29993816e-06
0.147640091633213 0.9999679908105 2.40181089e-06
0.149368903957774 0.9999672292543 2.50819653e-06
0.151117959328107 0.9999664500647 2.61920013e-06
0.152887470035108 0.9999656528053 2.73511432e-06
0.154677737015831 0.9999648369485 2.8561069e-06
0.156488937305388 0.9999640021015 2.98234909e-06
0.158321366128447 0.9999631481223 3.11423378e-06
0.160175238127317 0.9999622744181 3.25185215e-06
0.16205083335054 0.9999613805194 3.39546887e-06
0.163948386865511 0.9999604660807 3.54534814e-06
0.165868149520699 0.9999595308182 3.70175235e-06
0.167810399780595 0.9999585740188 3.8649855e-06
0.169775401090286 0.9999575952061 4.03534932e-06
0.171763388696718 0.9999565944345 4.21317873e-06
0.173774672398005 0.9999555708891 4.39874793e-06
0.175809499538238 0.9999545240316 4.59238208e-06
0.177868171063487 0.9999534534509 4.79440223e-06
0.17995093320195 0.9999523591323 5.00521173e-06
0.182058088390018 0.9999512401446 5.22521441e-06
0.18418990728692 0.999950095993 5.45478451e-06
0.186346693425294 0.9999489265138 5.69423037e-06
0.188528744915804 0.9999477313322 5.94403718e-06
0.190736338067053 0.9999465095352 6.20467063e-06
0.192969784448408 0.9999452605553 6.47660727e-06
0.195229373873848 0.9999439848871 6.76019863e-06
0.197515448130601 0.9999426812901 7.05604043e-06
0.199828265042668 0.9999413491678 7.36466518e-06
0.202168182124712 0.9999399882363 7.68660084e-06
0.204535469445409 0.9999385987685 8.02223803e-06
0.206930501376411 0.9999371794256 8.37235439e-06
0.209353578869085 0.9999357296765 8.73755562e-06
0.21180502607753 0.9999342498413 9.11832467e-06
0.214285173887403 0.9999327394689 9.51536731e-06
0.216794362551254 0.9999311973879 9.92939749e-06
0.219332958246223 0.999929623089 1.0361111e-05
0.221901241655947 0.9999280179909 1.08111362e-05
0.224499614763884 0.9999263802165 1.12803991e-05
0.227128411138698 0.9999247091182 1.17696572e-05
0.22978799270772 0.9999230049289 1.22796646e-05
0.232478729610329 0.9999212688708 1.28111851e-05
0.23520095825191 0.999919498543 1.33651847e-05
0.237955066288806 0.9999176935235 1.39426174e-05
0.240741428667221 0.9999158557548 1.45444155e-05
0.24356040550841 0.9999139845968 1.51715121e-05
0.246412389298739 0.9999120784414 1.58251078e-05
0.249297782209588 0.9999101369758 1.65063284e-05
0.252216972020766 0.9999081648857 1.72155997e-05
0.255170330327244 0.9999061579947 1.79547242e-05
0.258158261175965 0.9999041161209 1.87248734e-05
0.261181207224863 0.9999020412506 1.9527055e-05
0.264239512360042 0.999899936207 2.03623877e-05
0.26733366637435 0.999897797519 2.1232654e-05
0.270464031082407 0.999895625362 2.21391274e-05
0.273631032594411 0.999893425753 2.30825426e-05
0.276835167395014 0.999891197229 2.40650097e-05
0.28007679428478 0.999888938146 2.50881931e-05
0.283356369752165 0.999886649675 2.61536443e-05
0.286674363189543 0.999884343524 2.72620728e-05
0.290031189858959 0.999882012118 2.84161033e-05
0.293427341259551 0.999879656651 2.96173694e-05
0.296863287767 0.999877284543 3.08668787e-05
0.300339406192513 0.999874903689 3.21677799e-05
0.303856274878753 0.999872508692 3.35213299e-05
0.307414308553581 0.999870102271 3.49292095e-05
0.311014021787262 0.999867704348 3.63927466e-05
0.31465586635516 0.999865313512 3.79163284e-05
0.318340362760721 0.999862929806 3.95014067e-05
0.322067984035975 0.999860562675 4.11490582e-05
0.325839273481132 0.999858252078 4.28614549e-05
0.32965470864896 0.999855982256 4.46417398e-05
0.333514838921217 0.999853764413 4.64925688e-05
0.337420185091211 0.999851643079 4.84160155e-05
0.341371233218319 0.999849668806 5.04152849e-05
0.345368551045338 0.999847849933 5.2493735e-05
0.34941267108315 0.999846226667 5.46540432e-05
0.353504140970602 0.999845082595 5.68954747e-05
0.357643544157967 0.999844905251 5.92240249e-05
0.361831404106399 0.999851508532 6.16455363e-05
0.366068280051529 0.999844666483 5.54782746e-05
0.370354798307434 0.999839943441 5.78059626e-05
0.374691520144945 0.999837563388 6.02313157e-05
0.379079021128078 0.999836235904 6.27584086e-05
0.383517858887412 0.999836158691 6.53908573e-05
0.388008690474455 0.99983868665 6.81333113e-05
0.392552133063435 0.999859838019 7.09909291e-05
0.397148755562677 0.999841731929 5.38331951e-05
0.40179920355452 0.999838232645 5.60814915e-05
0.406504103777016 0.999841176017 5.84266927e-05
0.411264134578105 0.999880194504 6.08717346e-05
0.416079855202402 0.999846397506 1.80679162e-05
0.420951969349867 0.99982250121 1.88614995e-05
0.425881135509462 0.999809865592 1.96886485e-05
0.430868059263988 0.999799820464 2.05503802e-05
0.435913355397814 0.999791088034 2.14468528e-05
0.441017725882774 0.999782847721 2.23801071e-05
0.446181852339364 0.999774830969 2.33519804e-05
0.451406430387614 0.999766965309 2.43639661e-05
0.456692256184909 0.999759307364 2.5416577e-05
0.462039937718171 0.999751632946 2.65126946e-05
0.467450264182459 0.999743924825 2.76539213e-05
0.472923875177133 0.999736192171 2.88412411e-05
0.478461636849588 0.99972842689 3.00766678e-05
0.484064220176967 0.999720558495 3.13628479e-05
0.489732401233784 0.999712579855 3.27017478e-05
0.495466970018482 0.999704515736 3.40944498e-05
0.501268696491136 0.999696329003 3.5543635e-05
0.507138360215665 0.999687997333 3.70518319e-05
0.513076712236637 0.99967951671 3.86211614e-05
0.519084674953405 0.999670911231 4.02531405e-05
0.525162932127734 0.999662136135 4.19514326e-05
0.53131239307743 0.999653186649 4.371877e-05
0.537533827326292 0.999644069205 4.55573245e-05
0.543828137529996 0.999634781387 4.74686603e-05
0.55019612531886 0.999625298951 4.94573505e-05
0.556638737799079 0.99961561698 5.1526622e-05
0.563156756374527 0.999605749093 5.36783737e-05
0.569751110693281 0.99959567425 5.59152832e-05
0.576422616705576 0.999585382116 5.82425237e-05
0.583172310147776 0.999574870017 6.06647882e-05
0.590001053286103 0.999564150581 6.31813673e-05
0.596909659053937 0.999553196947 6.57974233e-05
0.603899231364305 0.999542006204 6.8517511e-05
0.610970704961514 0.999530589208 7.13466143e-05
0.618124869479262 0.999518924713 7.42495176e-05
0.625362915726727 0.999506983964 7.72725471e-05
0.632685688326549 0.999494758085 8.04330848e-05
0.640094154568799 0.999482280517 8.37218176e-05
0.647589350619515 0.999469527509 8.71447774e-05
0.655172419551192 0.999456489575 9.07074282e-05
0.662844200656343 0.999443163106 9.44153362e-05
0.670605797287622 0.99942955625 9.82767378e-05
0.678458358847622 0.999415650032 0.00010229669
0.686402864002288 0.999401440145 0.000106481042
0.694440320275023 0.999386935728 0.000110834117
0.702571953571279 0.999372130434 0.000115355011
0.710798764164721 0.999357009598 0.00012004983
0.719121939967299 0.999341566872 0.00012492208
0.727542536134323 0.999325797718 0.000129935273
0.736061785206646 0.999309658713 0.00013514905
0.744680794809495 0.999293149682 0.000140571763
0.753400704812329 0.999276277493 0.000146211751
0.762222727279629 0.999259047676 0.000152080844
0.7711480479914 0.999241441372 0.000158184092
0.780177821536509 0.999223452003 0.000164530589
0.789313412258606 0.99920508574 0.000171130727
0.798555975261653 0.999186337634 0.000177995913
0.807906750413572 0.999167200294 0.0001851376
0.817367006421533 0.999147673137 0.000192566848
0.826938048076769 0.999127803836 0.000200275856
0.836621201800547 0.9991075297 0.000208197845
0.846417625600286 0.999086819065 0.000216367742
0.856328855060509 0.999065630138 0.000224830495
0.866356102240338 0.999043962278 0.000233603743
0.876500827999423 0.999021812109 0.000242716458
0.886764307187241 0.99899917352 0.000252184283
0.897147909390898 0.99897605623 0.000262021669
0.907653208419454 0.99895245163 0.000272245466
0.918281406036311 0.99892834318 0.000282866968
0.929034134546563 0.99890372099 0.000293899706
0.939912751486091 0.99887860392 0.000305362802
0.95091870530889 0.9988529624 0.000317275291
0.962053679008305 0.99882678653 0.000329653325
0.973318935797589 0.99880007911 0.000342510903
0.98471612682692 0.99877283839 0.000355879049
0.996246663735292 0.99874504644 0.00036977636
1.00791238408171 0.99871669663 0.000384223909
1.01971458531829 0.99868781853 0.000399241399
1.03165497041032 0.99865839025 0.00041484696
1.04373530839507 0.99862838967 0.000431063876
1.05595698068942 0.99859781389 0.000447914761
1.06832181606008 0.99856671225 0.00046542348
1.08083151119546 0.99853502715 0.000483614334
1.09348751543778 0.99850275554 0.000502515351
1.10629181853163 0.99846993026 0.000522159273
1.11924608374631 0.9984365619 0.00054257072
1.13235202951154 0.99840261287 0.000563779089
1.14561139157835 0.99836808443 0.000585816044
1.15902608535546 0.99833306798 0.000608718256
1.1725976814184 0.99829754059 0.000632510928
1.18632846280882 0.99826150038 0.000657202327
1.20021978825134 0.99822499999 0.000682791404
1.21427390480644 0.99818811577 0.000709282875
1.22849267725049 0.99815069954 0.000736533315
1.24287779504433 0.99811270612 0.000764606055
1.25743128616913 0.99807405192 0.000793699233
1.27215530372891 0.99803482322 0.00082385604
1.2870517393826 0.9979950171 0.000855148828
1.30212261000196 0.99795465963 0.000887626607
1.31736989387366 0.99791399273 0.000921233441
1.33279578555305 0.99787286064 0.000956024218
1.34840236544094 0.9978312226 0.000991933281
1.36419157674842 0.99778909329 0.00102881563
1.38016567970592 0.99774635513 0.00106706715
1.39632690165136 0.99770306656 0.00110673928
1.41267723152267 0.99765927042 0.00114788511
1.42921919736318 0.99761515693 0.00119055912
1.44595479131801 0.99757080013 0.00123468472
1.4628862422806 0.9975260573 0.00128031988
1.4800161586794 0.99748091074 0.0013275065
1.49734645992564 0.99743556371 0.00137623551
1.51487975810836 0.99738988373 0.00142675859
1.5326185178744 0.99734392692 0.00147913885
1.55056479773895 0.99729788303 0.00153343868
1.5687212782244 0.99725215137 0.00158972351
1.58709048451709 0.99720661296 0.00164776412
1.60567461991192 0.99716126476 0.00170751859
1.62447644149079 0.99711602298 0.00176877552
1.64349825599761 0.99707075837 0.00183202734
1.66274295460504 0.99702553288 0.00189746928
1.68221310496971 0.99698047107 0.00196524407
1.70191118112525 0.99693644536 0.00203545601
1.72183971646596 0.99689341336 0.00210815133
1.74200188317824 0.99685166311 0.00218293048
1.76240005388628 0.99681204208 0.00225873501
1.78303693960572 0.9967724795 0.0023344201
1.80391563571595 0.99673199235 0.00241238065
1.8250386750695 0.99669054104 0.00249343831
1.84640913581477 0.99664970208 0.00257967343
1.86802983931223 0.99661296024 0.00267159776
1.88990385053331 0.99658099958 0.00276781502
1.91203377189325 0.99655522546 0.00286743953
1.9344229787314 0.99654225726 0.00296146586
1.95707439225577 0.99653092935 0.00304959831
1.97999079921543 0.99651965476 0.00313205528
2.00317582933498 0.99650485907 0.00320862327
2.02663201460129 0.9964849609 0.00328631233
2.05036315170185 0.99646315095 0.00336570083
2.07437190608257 0.99644005834 0.00344697526
2.09866203670803 0.99641533312 0.00353030721
2.12323656002005 0.9963895299 0.00361642917
2.14809898377984 0.99636320863 0.00370555418
2.17325222292616 0.99633663823 0.00379807851
2.19870017736639 0.99631118774 0.00389946671
2.22444614969574 0.99629030749 0.00400424749
2.25049351081516 0.99627432576 0.00411187997
2.27684569984586 0.99626375851 0.00422153063
2.30350675438679 0.99625838222 0.00433101458
2.33047977771532 0.99625635403 0.00444228295
2.35776900473657 0.99625756661 0.0045559858
2.38537740900026 0.9962674554 0.0046726102
2.41330912940338 0.99629142275 0.00479069538
2.44156785143696 0.99632533104 0.0048986706
2.47015778966322 0.99636551295 0.00497945864
2.49908236512725 0.99638622906 0.00506157381
2.52834567183923 0.99640459474 0.00514505105
2.55795160329228 0.99642220163 0.00523015345
2.58790413572151 0.99643833796 0.00531794224
2.61820733275405 0.99645631947 0.00540927052
2.64886554274352 0.99647732894 0.00550275529
2.67988268520201 0.99650201574 0.00559786707
2.71126295807727 0.996531151 0.00569460867
2.74301082970066 0.99656547001 0.00579231139
2.77513052441946 0.99660527427 0.0058912267
2.80762615206006 0.9966513447 0.00599162932
2.8405021119213 0.99671366159 0.00609372417
2.8737633220165 0.99678930361 0.00618631812
2.90741400594179 0.99687622534 0.00626814784
2.94145869095443 0.99696332216 0.0063417363
2.97590178909991 0.99706160929 0.00639720308
3.01074846214255 0.99715800071 0.00644058455
3.04600314056906 0.99724398553 0.00647361344
3.08167079161932 0.99732518778 0.00650685048
3.11775555072331 0.99740877235 0.00654109986
3.15426358498986 0.99749796372 0.00657888595
3.19119853286231 0.99759911257 0.00662564952
3.22856632076008 0.99773970526 0.00667269714
3.26637126810389 0.99790522992 0.00668305671
3.30461933864119 0.99809031503 0.00665167486
3.34331505865534 0.99826836819 0.00659401994
3.38246414109912 0.9984560312 0.00651336694
3.42207131724432 0.99866308772 0.00638694363
3.46214228004228 0.99889847683 0.00619527418
3.50268255632101 0.999056864122 0.00592131121
3.54369753869644 0.999188119371 0.00558997039
3.58519303188961 0.999276137678 0.00522654457
3.62717403146952 0.999269957887 0.00485938694
3.66964661795296 0.999213993957 0.00444943365
3.71261669066111 0.999113745464 0.00404646806
3.75608994764343 0.99895756238 0.00364631275
3.80007222589907 0.99864988914 0.00312636653
3.84456949845788 0.99823761871 0.00278924871
3.88958788253514 0.9977773272 0.00254462613
3.93513363568216 0.99731523334 0.00234933686
3.98121203847954 0.99685956142 0.0022615951
4.02783038439135 0.99643068039 0.00222148444
4.07499502565393 0.99602823844 0.00221566041
4.12271161798419 0.99565244326 0.00222670264
4.17098676957201 0.99530653097 0.00225139596
4.219827243713 0.99497125437 0.00228078174
4.26923952626034 0.99464266701 0.0023126353
4.3192311970285 0.99432407552 0.00235094596
4.36980721527241 0.994006244 0.00239714421
4.42097596553869 0.99369178526 0.0024497977
4.47274359494359 0.99338719156 0.00250850315
4.52511790994779 0.99309127498 0.00256861583
4.57810542235479 0.99279670371 0.00263017113
4.63171324170194 0.99250343116 0.00269320211
4.6859486609535 0.9922147505 0.00275773858
4.74081918665615 0.99192737509 0.00281628966
4.79633188587507 0.99163652025 0.00287404377
4.85249545042098 0.99134084303 0.00293301162
4.90931621998952 0.9910441516 0.00299405749
4.96680238488016 0.9907449903 0.00305747427
5.0249614104705 0.99044381641 0.00312282518
5.08380193953639 0.99014290795 0.0031895726
5.14333084947932 0.9898454538 0.00325626577
5.20355717863064 0.989544454 0.0033149228
5.26448882164544 0.9892381188 0.00336598279
5.32613388822569 0.9889221294 0.00341783836
5.38850064839965 0.9886011062 0.00347049232
5.45159792431392 0.9882752532 0.00352371694
5.51543367200944 0.9879451673 0.00357724121
5.58001750251528 0.9876092579 0.00361518539
5.64535703820959 0.987261028 0.00365352025
5.71146192350991 0.9869012674 0.00369225745
5.77834090640251 0.9865313936 0.00373140979
5.84600290140153 0.9861520845 0.00377098867
5.91445708257869 0.985763167 0.00381097454
5.98371324893556 0.9853645498 0.0038513781
6.05378008216183 0.9849568382 0.00389223057
6.12466738941025 0.9845411079 0.00393350981
6.19638477130929 0.9841170181 0.00397305144
6.26894205815798 0.9836847298 0.00400909595
6.34234825303611 0.9832358491 0.00404171785
6.41661513959684 0.9827743135 0.00407454558
6.49175076846076 0.9823001213 0.00410764152
6.56776636918486 0.9818134308 0.00414098101
6.64467248436867 0.98131481 0.00417461991
6.72247926963707 0.9808041938 0.00420852331
6.80119609668228 0.9802818019 0.00424268609
6.88083591589033 0.9797508568 0.00427714968
6.96140734429882 0.9792175982 0.00431089848
7.04292272918295 0.978674937 0.00432658289
7.12539244221113 0.978117507 0.00430670893
7.20882810245364 0.9775136206 0.00428699283
7.293240523804 0.9768840745 0.00426734285
7.37864197342554 0.9762294553 0.00424775947
7.46504241963949 0.9755485803 0.00422824547
7.55245535940676 0.9748415668 0.00420887675
7.6408912576589 0.9741097651 0.00418959605
7.73036280310797 0.9733525403 0.00417038007
7.82088249747155 0.9725670703 0.00415122788
7.91246215837396 0.9717551451 0.00412930129
8.00511318167513 0.9709141664 0.00410543475
8.09884959861232 0.9700399656 0.00408002408
8.1936842592773 0.9691292383 0.00405469956
8.28962938828846 0.9681841061 0.00402953569
8.38669751389513 0.9672019817 0.00400454691
8.48490236047629 0.9661736824 0.00397972437
8.58425695324116 0.9650966711 0.00397575041
8.68477576528913 0.9639883824 0.00398156513
8.78647063706728 0.9628549479 0.00399362063
8.88935662423637 0.96168226 0.00400568591
8.9934471485964 0.9604667239 0.00401779078
9.09875705118785 0.9592057168 0.00402993383
9.20529932577215 0.9578939043 0.00404211506
9.31308949464019 0.9565105923 0.00405431772
9.42214224202002 0.9550638758 0.00409476226
9.53247180225713 0.9535589814 0.00416326197
9.64409346152683 0.9520230033 0.0042437911
9.75702205183871 0.9504250474 0.0043258802
9.87127258225944 0.9487549998 0.00441007363
9.98686160798589 0.9470035881 0.0044977353
10.103803687607 0.9451628067 0.00466641691
10.2221150815358 0.9432470873 0.00484141381
10.3418122116785 0.9412389174 0.00504153827
10.4629099785102 0.939101655 0.00530637102
10.5854271607553 0.9369370118 0.00569045171
10.7093780691353 0.9347204939 0.00611804472
10.8347800321818 0.9324408993 0.00657997467
10.9616509310532 0.930057779 0.00709472736
11.090007551916 0.9276065901 0.0077232942
11.2198672560357 0.9250985235 0.0084354002
11.351247506367 0.9225434065 0.00921329018
11.4841663874686 0.9199357405 0.0100628445
11.6186406952454 0.9172751606 0.0109905899
11.7546902166631 0.9145661816 0.0119925467
11.8923333870059 0.9118268937 0.0130450884
12.031587330102 0.9089765325 0.014124833
12.1724724586274 0.9060240015 0.0152819417
12.3150075843297 0.9029685035 0.0165340453
12.4592111594881 0.899810031 0.0178886037
12.6051040418909 0.896549046 0.0193541292
12.7527045487043 0.893179841 0.0209397059
12.9020324191038 0.889695063 0.0226551648
13.0531099107249 0.886068575 0.0245147701
13.2059567669958 0.882332839 0.0266045369
13.3605931354192 0.8785019 0.0289325975
13.5170407698826 0.874619916 0.031464424
13.6753196345507 0.87067768 0.0342177302
13.83545249196 0.86666742 0.037212044
13.9974603112958 0.862593055 0.0404684506
14.1613645109861 0.858500332 0.0440096371
14.3271882604651 0.854391083 0.047860682
14.4949540661774 0.850288332 0.0520487539
14.6646836052441 0.846243262 0.056603577
14.8364017863538 0.842436254 0.0614022613
15.0101300176825 0.838613883 0.0664850622
15.1858929502355 0.834783405 0.0718930811
15.363713050389 0.831051618 0.0777407065
15.5436161107162 0.827529699 0.084064573
15.7256256724497 0.824232489 0.090902701
15.9097658001119 0.821223184 0.0982968137
16.0960626186309 0.818984717 0.10629262
16.2845414237642 0.817744836 0.114938468
16.4752280319316 0.817735836 0.123447426
16.6681455347039 0.819532305 0.130381718
16.8633226108376 0.819911599 0.136267632
17.0607852193467 0.82001698 0.142270386
17.2605599050827 0.820025608 0.148537382
17.4626757522952 0.820161372 0.155080542
17.6671549303186 0.820736155 0.161571503
17.8740296617652 0.821421832 0.168057173
18.0833272036654 0.822060511 0.174528122
18.2950774595288 0.822825059 0.181248665
18.5093048564786 0.823859006 0.188227639
18.7260426989581 0.825225979 0.195475534
18.9453143971605 0.827067524 0.203002751
19.167157038687 0.829801485 0.210819647
19.3915963933828 0.833786309 0.218764409
19.6186644963633 0.838988289 0.226299986
19.8483917575113 0.844551131 0.230350211
20.0808081497813 0.849140435 0.234473214
20.3159454807046 0.853348479 0.238670021
20.5538377080497 0.857440606 0.242941752
20.7945143815354 0.86190936 0.24729073
21.0380096705018 0.867136881 0.251180351
21.2843572514387 0.872680843 0.254380673
21.5335874283552 0.877542153 0.256288499
21.7857382468051 0.881791666 0.258212566
22.0408400767849 0.885921963 0.260150015
22.2989282736832 0.890036143 0.262100965
22.5600407017536 0.894252941 0.264068365
22.824208313188 0.899156861 0.266049743
23.0914722891992 0.9045822248 0.266992897
23.3618635188151 0.9104440734 0.265944034
23.6354217626118 0.9142382815 0.264290273
23.9121827035492 0.91743581 0.262626618
24.1921845733665 0.9201691821 0.260973513
24.475466621466 0.9225687385 0.259329498
24.7620633924545 0.924951531 0.257191539
25.0520177288407 0.9267897382 0.254662901
25.3453659657887 0.927861169 0.251792967
25.6421510888659 0.9280594736 0.248954132
25.942409040505 0.9277711734 0.246147498
26.2461848742706 0.927058436 0.243372723
26.5535162804369 0.9258877411 0.240629584
26.8644482959587 0.9242091626 0.23791641
27.1790205479612 0.9222900048 0.235219806
27.497273247987 0.9200059846 0.232290253
27.8192570165153 0.9168392792 0.228295863
28.145007293017 0.9121989682 0.224370569
28.4745770403627 0.90617048 0.220512867
28.8080033851302 0.898665331 0.216898397
29.1453314710447 0.890104651 0.216705486
29.4866131397245 0.881490052 0.216558754
29.8318879894474 0.872255728 0.216827631
30.1812074027423 0.861611769 0.21804823
30.5346186115527 0.852020025 0.22176148
30.8921639636453 0.842688695 0.225774333
31.2538986393202 0.833324403 0.23001039
31.6198702737628 0.822995737 0.235142142
31.9901276204963 0.813432246 0.242195964
32.3647202851992 0.804369479 0.249987856
32.7436961678673 0.795784831 0.258035958
33.1271104892586 0.787386969 0.266595989
33.5150132808677 0.77934958 0.275924414
33.9074628684695 0.771656528 0.285854936
34.304508279289 0.764407739 0.296143055
34.7061994084627 0.757510632 0.306801587
35.1125949268918 0.75069949 0.317843407
35.5237472822016 0.743902028 0.329384953
35.939717909958 0.736897647 0.342041999
36.3605538114293 0.730887711 0.355756193
36.7863235086309 0.725593179 0.370214134
37.2170763190065 0.720977038 0.385259897
37.6528712813339 0.717536122 0.400915474
38.0937728840445 0.715159178 0.417208195
38.5398343710496 0.714207202 0.434106916
38.9911209518933 0.715648562 0.451505095
39.4476930914064 0.717612743 0.464878112
39.9096072533522 0.719143361 0.477882266
40.3769338888492 0.720073491 0.491250604
40.8497323793951 0.720918834 0.504992247
41.3280661333333 0.722021997 0.519118071
