0.0413280580165487 0.999999463180814 9.89393789e-10
0.0419041471791183 0.999999448075812 1.04197861e-09
0.0424882698181483 0.999999432540392 1.09756537e-09
0.0430805322217641 0.999999416569494 1.15631749e-09
0.0436810529336472 0.999999400148056 1.21841592e-09
0.0442899415151802 0.999999383262832 1.28405508e-09
0.0449073199550369 0.999999365902227 1.3534438e-09
0.0455333038298192 0.999999348052654 1.42679601e-09
0.0461680128218955 0.999999329696834 1.504324e-09
0.0468115724985745 0.99999931082408 1.58628288e-09
0.0474640987322114 0.999999291420181 1.67292191e-09
0.0481257207267546 0.999999271467232 1.76451531e-09
0.0487965683018152 0.999999250950509 1.86134808e-09
0.0494767673552761 0.999999229855916 1.96371119e-09
0.050166446955428 0.99999920816748 2.0719253e-09
0.0508657401803206 0.999999185868091 2.18633445e-09
0.0515747794994724 0.999999162935808 2.30727015e-09
0.0522937054636831 0.999999139357442 2.43511944e-09
0.0530226499005358 0.99999911511145 2.57028843e-09
0.0537617569976984 0.999999090180381 2.713197e-09
0.0545111704339948 0.999999064546785 2.86427793e-09
0.0552710191986109 0.999999038190481 3.02399839e-09
0.0560414694427286 0.999999011085947 3.19287818e-09
0.0568226579129679 0.99999898321789 3.3713794e-09
0.0576147352968358 0.99999895456438 3.56009666e-09
0.0584178564162027 0.99999892509891 3.75962861e-09
0.0592321694685152 0.99999889480091 3.97057232e-09
0.0600578322290359 0.99999886364628 4.19358326e-09
0.0608950077539786 0.99999883160888 4.42934578e-09
0.0617438454285663 0.99999879866857 4.67860817e-09
0.0626045229540362 0.99999876479933 4.94198149e-09
0.0634771990706165 0.99999872996807 5.22012034e-09
0.0643620365161468 0.9999986941541 5.51399726e-09
0.0652592084955581 0.99999865733014 5.82453508e-09
0.0661688874965324 0.99999861946424 6.15268858e-09
0.0670912433730906 0.99999858052331 6.49945342e-09
0.0680264579356995 0.99999854047712 6.86581458e-09
0.0689747109727301 0.99999849930134 7.2528854e-09
0.0699361799721997 0.99999845696379 7.66183472e-09
0.0709110548530998 0.99999841342424 8.09394507e-09
0.0718995152028228 0.99999836865436 8.55049098e-09
0.0729017541381459 0.99999832261619 9.03282604e-09
0.0739179697580694 0.9999982752729 9.54238999e-09
0.0749483486766616 0.99999822659186 1.00807807e-08
0.0759930826161794 0.99999817652781 1.0649627e-08
0.077052387002303 0.99999812504984 1.1250477e-08
0.0781264561938031 0.99999807210929 1.18852492e-08
0.0792154878459075 0.99999801767217 1.25558541e-08
0.0803197121811624 0.99999796169095 1.32641942e-08
0.0814393298872313 0.99999790412289 1.40124419e-08
0.0825745469848882 0.99999784492661 1.48029295e-08
0.0837255905139891 0.99999778404731 1.56375837e-08
0.0848926785777329 0.99999772144838 1.65191132e-08
0.0860760412912743 0.99999765706821 1.745045e-08
0.0872758968644167 0.99999759085699 1.84338926e-08
0.0884924696501915 0.99999752277063 1.94727861e-08
0.0897260101092563 0.99999745275954 2.05702548e-08
0.0909767366487522 0.9999973807669 2.17292637e-08
0.0922449060191426 0.99999730672539 2.29533068e-08
0.0935307506391984 0.99999723057522 2.42464786e-08
0.0948345209963314 0.99999715227204 2.5611719e-08
0.0961564616882952 0.99999707174175 2.70537868e-08
0.0974968323120394 0.99999698891861 2.85767587e-08
0.0988558823195897 0.9999969037458 3.01852836e-08
0.100233879026963 0.9999968161635 3.18840279e-08
0.101631086348292 0.9999967261017 3.36775905e-08
0.103047769745187 0.99999663347376 3.55717553e-08
0.104484202088931 0.99999653820555 3.75721072e-08
0.105940653328702 0.99999644022319 3.96844406e-08
0.107417403495125 0.99999633946391 4.19147952e-08
0.108914747442211 0.999996235852 4.42697718e-08
0.11043296292651 0.99999612930014 4.67564334e-08
0.11197233384771 0.9999960197124 4.9382205e-08
0.113533170372813 0.99999590700099 5.21538368e-08
0.11511576507731 0.9999957910718 5.50811237e-08
0.116720416145124 0.99999567188297 5.81710218e-08
0.1183474287493 0.99999554928536 6.14336386e-08
0.119997129412406 0.99999542319802 6.48780443e-08
0.121669821849343 0.99999529352863 6.85141828e-08
0.123365827224239 0.99999516016715 7.23531315e-08
0.125085488221896 0.9999950230258 7.64050512e-08
0.126829121740999 0.99999488196772 8.06824332e-08
0.128597039569868 0.99999473691423 8.5197577e-08
0.130389613628684 0.99999458772481 8.99642316e-08
0.132207174812948 0.99999443427851 9.49948813e-08
0.134050076304433 0.99999427646708 1.00304291e-07
0.135918652467206 0.99999411417366 1.05909393e-07
0.13781329115475 0.99999394725 1.11826488e-07
0.139734331849005 0.99999377559379 1.18068876e-07
0.141682153452017 0.99999359906951 1.24658911e-07
0.143657130522838 0.99999341750799 1.31613803e-07
0.145659631855856 0.99999323076327 1.3895324e-07
0.147690035639742 0.99999303872482 1.4669881e-07
0.149748766100055 0.99999284123396 1.54872822e-07
0.151836171689447 0.99999263808832 1.63498015e-07
0.153952690806711 0.99999242921604 1.72600394e-07
0.156098701285032 0.99999221437247 1.82204843e-07
0.158274648188167 0.99999199338981 1.92338419e-07
0.160480911420253 0.99999176616257 2.0303159e-07
0.162717920214751 0.99999153247882 2.14312749e-07
0.164986116283246 0.99999129213847 2.26214837e-07
0.167285944748465 0.99999104496328 2.3877385e-07
0.169617818634701 0.99999079073223 2.52025586e-07
0.17198219548959 0.99999052933981 2.66000256e-07
0.174379534916134 0.99999026047681 2.80743109e-07
0.176810285790715 0.9999899840186 2.96297372e-07
0.179274934102065 0.999989699696 3.12702952e-07
0.181773916462921 0.9999894073035 3.30007055e-07
0.184307745529975 0.9999891066482 3.4826374e-07
0.186876911024261 0.9999887974591 3.67521352e-07
0.189481860239037 0.9999884794979 3.87819483e-07
0.192123135784474 0.9999881525127 4.09225493e-07
0.194801240830887 0.9999878162098 4.31834707e-07
0.197516646400204 0.9999874704909 4.55644425e-07
0.200269928219877 0.9999871149512 4.80753499e-07
0.203061601486035 0.999986749398 5.07233381e-07
0.205892162185127 0.9999863734774 5.3516186e-07
0.208762185750663 0.9999859869567 5.64611696e-07
0.211672213879529 0.9999855894948 5.95653944e-07
0.214622803818516 0.9999851808379 6.28380974e-07
0.217614528002253 0.999984760695 6.62889533e-07
0.220647975874394 0.9999843286605 6.99271311e-07
0.223723676383953 0.9999838845579 7.37626635e-07
0.226842250100635 0.9999834279624 7.78052936e-07
0.230004318516359 0.9999829585977 8.20653099e-07
0.2332104567012 0.9999824760525 8.65561162e-07
0.23646129861662 0.9999819799305 9.12889163e-07
0.239757430845445 0.9999814699313 9.62764375e-07
0.243099498494953 0.9999809457568 1.01535056e-06
0.246488191892166 0.9999804068448 1.07078915e-06
0.249924101949278 0.9999798530589 1.12914108e-06
0.253407906545806 0.9999792839317 1.19064327e-06
0.256940279690852 0.9999786988756 1.25544216e-06
0.260521888429928 0.9999780976141 1.32371417e-06
0.264153417515483 0.9999774797852 1.39566112e-06
0.267835599567168 0.9999768448761 1.47147034e-06
0.271569075311167 0.9999761924337 1.5512943e-06
0.275354588774857 0.9999755220288 1.63538061e-06
0.279192875175145 0.9999748334067 1.72394891e-06
0.283084693588492 0.999974125838 1.81720804e-06
0.287030728453927 0.9999733989607 1.91543245e-06
0.291031777625 0.9999726523529 2.01887042e-06
0.295088599453804 0.999971885456 2.12777468e-06
0.299201971848462 0.9999710976626 2.24244809e-06
0.303372694317628 0.9999702887726 2.36323581e-06
0.307601535283091 0.9999694582621 2.49031245e-06
0.311889359452342 0.9999686054798 2.62412141e-06
0.31623690286382 0.9999677298765 2.76498076e-06
0.320645077031777 0.9999668310229 2.91322522e-06
0.32511470278255 0.9999659084497 3.06924267e-06
0.329646620587948 0.9999649614874 3.2335015e-06
0.334241716181813 0.9999639897251 3.40623365e-06
0.338900858655165 0.9999629929553 3.58799957e-06
0.343624961983238 0.9999619703303 3.77931656e-06
0.348414922124343 0.9999609213774 3.98049087e-06
0.353271632695447 0.9999598455361 4.19210528e-06
0.35819601398193 0.9999587422681 4.41475231e-06
0.363189089537638 0.9999576110931 4.6488899e-06
0.368251755015127 0.9999564515674 4.89508329e-06
0.373384958997137 0.9999552635272 5.15412512e-06
0.378589756431789 0.999954046667 5.42626003e-06
0.383867124529487 0.9999528001317 5.71238706e-06
0.389218005549475 0.9999515232848 6.01326155e-06
0.394643487263708 0.9999502158353 6.32945421e-06
0.400144599813214 0.999948877663 6.66167944e-06
0.40572239803269 0.9999475084405 7.0110068e-06
0.411377971135763 0.9999461084408 7.37788605e-06
0.417112337407519 0.9999446773109 7.76325123e-06
0.422926680120315 0.9999432141085 8.16830106e-06
0.428822039816892 0.9999417191611 8.593639e-06
0.434799559800519 0.9999401925706 9.04028639e-06
0.440860450357944 0.9999386341806 9.50937374e-06
0.447005808874887 0.9999370440273 1.00017396e-05
0.453236838146882 0.9999354231986 1.05186737e-05
0.459554692472193 0.9999337730187 1.1061702e-05
0.465960645191655 0.9999320926872 1.16308829e-05
0.472455874716506 0.9999303827208 1.22281663e-05
0.479041640809579 0.9999286445745 1.2855171e-05
0.48571923499155 0.9999268795727 1.35129012e-05
0.492489941341621 0.999925088603 1.42022664e-05
0.499354936196237 0.9999232733753 1.49258012e-05
0.506315671598605 0.9999214404597 1.56841033e-05
0.513373442625313 0.9999195890996 1.64786816e-05
0.520529632651109 0.9999177228601 1.73119515e-05
0.527785505499208 0.9999158454375 1.81848409e-05
0.53514251605356 0.9999139617939 1.90991086e-05
0.542602112015298 0.9999120775828 2.00572722e-05
0.550165666157707 0.9999101976136 2.10604085e-05
0.557834711204852 0.9999083395087 2.21098762e-05
0.565610634804133 0.9999065117954 2.32095808e-05
0.573494926222872 0.9999047254823 2.43599188e-05
0.581489117468565 0.9999029982864 2.55632785e-05
0.589594789157192 0.9999013520137 2.68226468e-05
0.597813424298832 0.999899812909 2.81367611e-05
0.606146622338861 0.999898413109 2.94989586e-05
0.614595945442921 0.999897219212 3.09259449e-05
0.62316308222831 0.999896332462 3.24177854e-05
0.63184970163873 0.99989586373 3.39780381e-05
0.640657307398909 0.999896039 3.56122619e-05
0.649587732097611 0.999897308189 3.73249168e-05
0.65864261802542 0.9999008731538 3.91196882e-05
0.667823774465699 0.9999088266413 4.10004432e-05
0.677132895070933 0.9999492380812 3.79973153e-06
0.686571708711301 0.999898353562 4.01063198e-06
0.696142188640387 0.999888103135 4.23308438e-06
0.705845976934581 0.999880589683 4.46704462e-06
0.715685109799252 0.999874220026 4.71290105e-06
0.725661378518895 0.999868269588 4.96746634e-06
0.735776726642686 0.999862550118 5.23491417e-06
0.746033043951954 0.99985695511 5.51677749e-06
0.756432325647843 0.999851415429 5.81384757e-06
0.766976579335215 0.999845882892 6.12691792e-06
0.777667861671336 0.999840322562 6.45677574e-06
0.788508045515968 0.999834721064 6.80433277e-06
0.799499485860828 0.999829048247 7.17073453e-06
0.810644056621552 0.999823282589 7.5564767e-06
0.821943975888676 0.999817412376 7.96242693e-06
0.833401414997509 0.999811424597 8.38594042e-06
0.845018665625764 0.999805307176 8.82620407e-06
0.856797678697323 0.999799051497 9.28941336e-06
0.868741003675931 0.999792651666 9.77692162e-06
0.880850775228293 0.99978610035 1.02894664e-05
0.893129330185844 0.999779384991 1.08282384e-05
0.905579067294059 0.999772498748 1.13943343e-05
0.918202376394359 0.999765434448 1.19896695e-05
0.931001625181844 0.99975818448 1.26160885e-05
0.943979266364282 0.999750741088 1.32749437e-05
0.957137896962262 0.999743098568 1.39680615e-05
0.970479909102036 0.999735254591 1.46940865e-05
0.984007869393198 0.999727193121 1.54577065e-05
0.997724306654178 0.999718907289 1.62610959e-05
1.01163202339936 0.999710390199 1.71062729e-05
1.0257336119967 0.999701634602 1.79950184e-05
1.04003183736164 0.9996926327 1.89290913e-05
1.05452931568945 0.999683376693 1.9910427e-05
1.06922895803096 0.99967385357 2.09422833e-05
1.08413344796416 0.999664055242 2.20276779e-05
1.09924562220573 0.999653970677 2.31692047e-05
1.11456853772158 0.999643583869 2.43693194e-05
1.13010496151325 0.999632870487 2.56477524e-05
1.14585811717377 0.999621827999 2.7034177e-05
1.16183069936673 0.999610499683 2.85442311e-05
1.17802596701274 0.999598870112 3.01388591e-05
1.1944470251415 0.999586928025 3.18221173e-05
1.21109684298317 0.999574655812 3.35997538e-05
1.22797899501237 0.999562042824 3.54764852e-05
1.2450963306906 0.999549081054 3.74569681e-05
1.26245223881419 0.999535761744 3.95466232e-05
1.28005020188541 0.999522073747 4.17519113e-05
1.2978934038265 0.999508008768 4.40798831e-05
1.31598536051845 0.999493563198 4.65376579e-05
1.33432943137342 0.999478734389 4.91324354e-05
1.35292924752134 0.999463522923 5.18719535e-05
1.37178836604661 0.999447944749 5.47317577e-05
1.39091035004247 0.999431961856 5.76744787e-05
1.41029895981234 0.9994154913 6.06922331e-05
1.42995776647995 0.999398521148 6.38676938e-05
1.4498905396397 0.999381066824 6.72091264e-05
1.47010126033307 0.999363117095 7.07254439e-05
1.49059370780147 0.999344670156 7.44260979e-05
1.51137165448648 0.999325717974 7.83200521e-05
1.5324394245367 0.999306263926 8.24175659e-05
1.55380078663571 0.999286319944 8.66937698e-05
1.57545995650597 0.999265875202 9.1052927e-05
1.59742091087726 0.999244743143 9.5565083e-05
1.61968810661964 0.999222971092 0.000100301258
1.6422657560543 0.999200552644 0.0001052722
1.66515804623988 0.999177469872 0.000110489302
1.68836941946928 0.999153702753 0.000115964707
1.71190444095226 0.99912923167 0.000121711506
1.735767527514 0.999104034039 0.00012774358
1.75996321187083 0.999078048975 0.000134073911
1.78449599923011 0.999051183113 0.000140820805
1.80937098845915 0.999023572542 0.000148093342
1.83459247868331 0.99899530306 0.000155791975
1.86016585679977 0.9989663203 0.000163891164
1.88609550079229 0.99893655488 0.000172411921
1.91238658280705 0.99890599726 0.000181375115
1.93904425326087 0.99887462356 0.000190803956
1.96607344240811 0.99884242495 0.000200723807
1.99347960069676 0.99880938872 0.000211159044
2.0212673462137 0.99877549696 0.000222136616
2.0494430321042 0.99874074955 0.000233685379
2.07801094475002 0.99870517303 0.000245834148
2.10697736686204 0.99866878975 0.000258572662
2.13634747671247 0.99863156863 0.000271779514
2.16612703399591 0.9985933156 0.000285308663
2.19632173372837 0.99855391122 0.000299511332
2.22693719702296 0.99851340544 0.000314420991
2.25797968976891 0.99847179791 0.00033007309
2.28945439784247 0.99842907733 0.000346504065
2.32136819019567 0.99838522845 0.000363752799
2.35372682885757 0.99834023742 0.00038185998
2.38653650385027 0.99829409423 0.000400869816
2.4198035770996 0.99824679352 0.00042082346
2.4535343031099 0.99819829897 0.000441772514
2.48773539989901 0.99814860593 0.000463764532
2.52241288110117 0.99809770926 0.000486849895
2.55757415290951 0.99804559792 0.000511084741
2.59322526115868 0.99799227389 0.000536526728
2.62937337451039 0.99793782202 0.000563233974
2.66602537502308 0.99788244185 0.000591272023
2.70318834396052 0.99782584654 0.000620065897
2.74086919474498 0.99776774622 0.000649972411
2.77907559440673 0.99770810222 0.000681247038
2.8178144815769 0.99764695927 0.000714026333
2.85709317765476 0.997584339 0.000748383231
2.89691939534924 0.99752027611 0.000784391828
2.93730109883656 0.99745479831 0.000822134083
2.97824541383694 0.99738789303 0.000861692533
3.01976072816666 0.99731957051 0.000903154956
3.06185434815961 0.99724984076 0.000946611864
3.10453490793445 0.99717873521 0.000992159592
3.14781061122558 0.99710630532 0.00103989954
3.19168940522144 0.99703260185 0.00108993798
3.23617968005917 0.99695777986 0.00114237948
3.28129007427486 0.99688197975 0.00119734404
3.32702947535862 0.99680601084 0.00125495519
3.37340649544431 0.99673035578 0.00131464819
3.42042997986962 0.99665391166 0.00137468067
3.46810900448542 0.99657511828 0.00143466599
3.5164526415045 0.99649347528 0.00149727345
3.56547017655218 0.99640968326 0.00156260841
3.61517056245595 0.99632399878 0.0016307967
3.66556426144662 0.99623653921 0.00170195964
3.71666007729367 0.99614734319 0.00177622854
3.768468779222 0.99605648126 0.00185373845
3.82099896148655 0.99596403167 0.00193462789
3.87426160195268 0.99587004306 0.00201904471
3.92826692773117 0.99577456852 0.00210715388
3.98302464090024 0.99567793356 0.00219910219
4.03854553470719 0.99558015307 0.00229506334
4.09484069832882 0.99548184453 0.00239521638
4.15192072886105 0.99538295809 0.00249894988
4.20979650965361 0.99528302206 0.00260570552
4.26847878995238 0.99518145015 0.00271571032
4.32797861333267 0.99507789407 0.00283035613
4.38830872222038 0.99497303413 0.00294984761
4.44947943241797 0.99486707523 0.00307437754
4.51150270818361 0.99476016592 0.00320416503
4.57439043997318 0.99465252459 0.00333943451
4.6381552938951 0.99454436731 0.00348041975
4.70280828193164 0.99443593761 0.00362735381
4.76836332425897 0.99432756379 0.0037804842
4.83483147785184 0.99421997787 0.00394008774
4.90222637099555 0.9941141312 0.00410642102
4.9705605063004 0.99401182169 0.00427873712
5.03984769270026 0.99391150661 0.00445270957
5.11010030015651 0.99381031934 0.00463024667
5.18133257728058 0.99370734952 0.00481485575
5.253557534757 0.99360486306 0.00500682043
5.32678893579969 0.99350388721 0.00520644989
5.40104154470901 0.99340590881 0.00541404774
5.47632920881976 0.99331241194 0.00562991574
5.55266648678513 0.99322758894 0.00585438171
5.63006759858372 0.99315014016 0.00607489143
5.70854755756867 0.99307387369 0.00628844649
5.78812176987246 0.9929917492 0.00650608726
5.86880486428779 0.99290298624 0.00673125451
5.95061274972705 0.99281258741 0.00696420902
6.0335613310888 0.992719159 0.00720523251
6.11766562942079 0.99262090726 0.00745817088
6.20294288370214 0.99252377264 0.00772633916
6.28940856259625 0.99243190186 0.00800832734
6.37707942086683 0.99234512635 0.00830060244
6.46597220470828 0.99226123374 0.00860352442
6.55610476040479 0.99218055047 0.00891754124
6.64749269887355 0.99209591839 0.00923523307
6.74015585722191 0.99197261967 0.00956187397
6.83410971731524 0.99194120709 0.00989953242
6.92937353258523 0.99177020881 0.010216807
7.02596470917026 0.99151170813 0.0107647395
7.12390312647225 0.99134767521 0.0115839122
7.22320657362482 0.99162251409 0.0125023611
7.32389412932913 0.99225411611 0.0131522315
7.42598529079404 0.99284341279 0.0133243017
7.52949940011697 0.99324942939 0.0136403861
7.63445652306999 0.99368512537 0.0136944558
7.74087640231284 0.99382713996 0.0136053786
7.84878011014028 0.99396949541 0.0136175826
7.95818866598594 0.99376162654 0.0136955753
8.06912130291475 0.99346205359 0.0144752609
8.18160084243749 0.99432514282 0.0150179984
8.29564678851315 0.99432956893 0.0149849588
8.41128422292035 0.99460929167 0.0153009715
8.52853206627037 0.99487107899 0.0154476669
8.64741583527036 0.99491792172 0.0154644493
8.76795559168856 0.99484623643 0.0158411693
8.89017651860934 0.99498155247 0.0161111318
9.01410063778239 0.99480918283 0.0164539702
9.13975270435891 0.9947684193 0.0174630955
9.26715591476044 0.99541319488 0.018726401
9.39633433908399 0.99664630718 0.0192366969
9.52731468720612 0.9976492296 0.0192396846
9.66012008570306 0.99832038977 0.0191761181
9.7947767067747 0.99889377831 0.0192521345
9.93131121872313 0.999436026672 0.019412579
10.0697476917745 1.000274209771 0.0196132958
10.2101149111414 1.00135115115 0.0196760576
10.3524388785461 1.00217946013 0.0194694214
10.4967456392782 1.00350276497 0.019246636
10.6430651711838 1.00467113033 0.0181893408
10.7914238148928 1.00517762313 0.0169034488
10.9418502565745 1.00519302906 0.0161573198
11.0943730358847 1.00554097164 0.0156555586
11.2490227126119 1.00590907689 0.0147453099
11.4058285281261 1.00593095459 0.0143676847
11.5648189072249 1.00666557578 0.0135918912
11.7260269443588 1.00752048008 0.0115892664
11.8894812075411 1.00523979031 0.0103707369
12.0552134614702 1.00422382262 0.0120728482
12.2232570254015 1.00629231287 0.017251458
12.3936428376247 1.0160029624 0.00764494296
12.5664026762309 1.0086174272 0.00180488802
12.7415718556837 1.00507385004 0.0017906198
12.9191830155729 1.00304994197 0.00179500796
13.0992695374093 1.00156157615 0.00180486089
13.2818657751645 1.000313971337 0.00181476725
13.4670081099687 0.999195741024 0.00182473147
13.6547318443164 0.99816603004 0.0018408153
13.845070877869 0.99720184458 0.00186354958
14.0380635616061 0.9962867375 0.00188952591
14.2337457678327 0.99540440785 0.00191586674
14.4321568558851 0.99454711564 0.00194257183
14.6333335345516 0.99368386902 0.00196965248
14.8373147813806 0.99282279471 0.00203244807
15.0441379713275 0.99198158365 0.00210871105
15.2538456663385 0.99114986882 0.00218887208
15.4664760735911 0.99030475039 0.00227208086
15.6820712586618 0.9894366767 0.00237230281
15.900670037958 0.9885805957 0.00255745766
16.1223168450022 0.9877563184 0.00275878352
16.3470527152843 0.9869739721 0.00297594839
16.5749214424658 0.9862342943 0.00318411947
16.8059663168602 0.9855020931 0.00336783659
17.040233758087 0.9847563514 0.00353699108
17.2777642329599 0.9840059839 0.00371463713
17.5186084697552 0.9832715578 0.00389889325
17.7628074943948 0.9825697839 0.00403630035
18.0104109685099 0.9818320535 0.00412988616
18.2614661941953 0.9810619447 0.00421905424
18.5160217876526 0.9802672509 0.00431014877
18.7741256108466 0.9794572536 0.00440320559
19.0358246545971 0.9786368776 0.00448428933
19.301176125273 0.9777988195 0.00452321162
19.5702230688854 0.976906253 0.00455849199
19.843022334766 0.9759760089 0.00459405454
20.1196216945965 0.9750091247 0.00462989602
20.4000788657652 0.9740026351 0.00466601597
20.6844444475068 0.972950507 0.00470540673
20.9727755379909 0.9718534555 0.00476501742
21.2651228521369 0.9707251582 0.00486540375
21.5615480709019 0.969586907 0.00496790931
21.8621049537103 0.9684278257 0.00507256901
22.1668499603912 0.967238877 0.00517943595
22.4758442134121 0.9660178162 0.00528856087
22.7891460471382 0.9647621512 0.00539998058
23.1068137094141 0.9634680375 0.00551373884
23.4289103313333 0.9621318504 0.00563373649
23.7554977267259 0.9607548192 0.00577458646
24.0866356480756 0.9593483657 0.00592783652
24.422391092687 0.9579137973 0.00608515041
24.7628255684905 0.9564431906 0.00624664268
25.1080060173092 0.9549339972 0.00641242787
25.457997527927 0.9533848204 0.00658260938
25.8128688990005 0.9517941251 0.00675729988
26.1726869051976 0.9501606226 0.00693663349
26.5375180256216 0.9484870061 0.00712073408
26.907436920794 0.9467691146 0.00730617484
27.2825119156704 0.9450010657 0.00748972176
27.6628151676635 0.9431796931 0.00767567521
28.0484185804604 0.9413035586 0.00786624476
28.439398712745 0.9393718801 0.00806155335
28.8358317292366 0.9373832494 0.00826171506
29.2377856632075 0.9353362247 0.00846684817
29.6453460538789 0.933229886 0.00867705699
30.0585850138673 0.9310619533 0.00889249612
30.4775845222555 0.9288301393 0.00911327917
30.9024266123066 0.9265429378 0.00933954306
31.3331893995975 0.9242006466 0.00956073869
31.7699562920115 0.9217856973 0.00976019911
32.2128130834819 0.9192746654 0.00994556677
32.6618416659644 0.9166686013 0.0101344567
33.1171292959877 0.9139710665 0.0103269136
33.578766112211 0.9111795202 0.0105230445
34.0468339542405 0.9082907811 0.0107228914
34.521431531955 0.9053012654 0.010926527
35.0026419869678 0.9022071362 0.0111340377
35.4905581933316 0.899003699 0.0113454964
35.9852755471328 0.895684786 0.011560984
36.4868923477483 0.892245404 0.011780533
36.9955018368505 0.888680041 0.0120042702
37.5111993318477 0.88498193 0.0122322477
38.0340829346908 0.881142743 0.0124645438
38.5642535078037 0.877149977 0.0127012618
39.1018193116035 0.872988403 0.0129477074
39.6468780762664 0.868663669 0.0132530928
40.1995371675795 0.864185765 0.0135886809
40.759894545448 0.859563962 0.0139345387
41.3280661444001 0.854775012 0.0142891994
